214
375
445
425
427
426
372
387
370
347
214
375
445
425
427
426
372
387
370
347
214
375
445
425
427
426
372
387
370
347
214
375
445
425
427
426
372
387
370
347
214
375
445
425
427
426
372
387
370
347
214
375
445
425
427
426
372
387
370
347
214
375
445
425
427
426
372
387
370
347
214
375
445
425
427
426
372
387
370
347
214
375
445
425
427
426
372
387
370
347
214
375
445
425
427
426
372
387
370
347
214
375
445
425
427
426
372
387
370
347
214
375
445
425
427
426
372
387
370
347
214
375
445
425
427
426
372
387
370
347
214
375
445
425
427
426
372
387
370
347
214
375
445
425
427
426
372
387
370
347
214
375
445
425
427
426
372
387
370
347
214
375
445
425
427
426
372
387
370
347
214
375
445
425
427
426
372
387
370
347
214
375
445
425
427
426
372
387
370
347
214
375
445
425
427
426
372
387
370
347
214
375
445
425
427
426
372
387
370
347
214
375
445
425
427
426
372
387
370
347
214
375
445
425
427
426
372
387
370
347
214
375
445
425
427
426
372
387
370
347
214
375
445
425
427
426
372
387
370
347
214
375
445
425
427
426
372
387
370
347
214
375
445
425
427
426
372
387
370
347
214
375
445
425
427
426
372
387
370
347
214
375
445
425
427
426
372
387
370
347
214
375
445
425
427
426
372
387
370
347
214
375
445
425
427
426
372
387
370
347
214
375
445
425
427
426
372
387
370
347
214
375
445
425
427
426
372
387
370
347
214
375
445
425
427
426
372
387
370
347
214
375
445
425
427
426
372
387
370
347
214
375
445
425
427
426
372
387
370
347
214
375
445
425
427
426
372
387
370
347
214
375
445
425
427
426
372
387
370
347
214
375
445
425
427
426
372
387
370
347
214
375
445
425
427
426
372
387
370
347
214
375
445
425
427
426
372
387
370
347
214
375
445
425
427
426
372
387
370
347
214
375
445
425
427
426
372
387
370
347
214
375
445
425
427
426
372
387
370
347
214
375
445
425
427
426
372
387
370
347
214
375
445
425
427
426
372
387
370
347
214
375
445
425
427
426
372
387
370
347
214
375
445
425
427
426
372
387
370
347
214
375
445
425
427
426
372
387
370
347
214
375
445
425
427
426
372
387
370
347
