3
93
1
11
236
84
4
83
9
2
3
93
1
11
236
84
4
83
9
2
3
93
1
11
236
84
4
83
9
2
3
93
1
11
236
84
4
83
9
2
3
93
1
11
236
84
4
83
9
2
3
93
1
11
236
84
4
83
9
2
3
93
1
11
236
84
4
83
9
2
3
93
1
11
236
84
4
83
9
2
3
93
1
11
236
84
4
83
9
2
3
93
1
11
236
84
4
83
9
2
3
93
1
11
236
84
4
83
9
2
3
93
1
11
236
84
4
83
9
2
3
93
1
11
236
84
4
83
9
2
3
93
1
11
236
84
4
83
9
2
3
93
1
11
236
84
4
83
9
2
3
93
1
11
236
84
4
83
9
2
3
93
1
11
236
84
4
83
9
2
3
93
1
11
236
84
4
83
9
2
3
93
1
11
236
84
4
83
9
2
3
93
1
11
236
84
4
83
9
2
3
93
1
11
236
84
4
83
9
2
3
93
1
11
236
84
4
83
9
2
3
93
1
11
236
84
4
83
9
2
3
93
1
11
236
84
4
83
9
2
3
93
1
11
236
84
4
83
9
2
3
93
1
11
236
84
4
83
9
2
3
93
1
11
236
84
4
83
9
2
3
93
1
11
236
84
4
83
9
2
3
93
1
11
236
84
4
83
9
2
3
93
1
11
236
84
4
83
9
2
3
93
1
11
236
84
4
83
9
2
3
93
1
11
236
84
4
83
9
2
3
93
1
11
236
84
4
83
9
2
3
93
1
11
236
84
4
83
9
2
3
93
1
11
236
84
4
83
9
2
3
93
1
11
236
84
4
83
9
2
3
93
1
11
236
84
4
83
9
2
3
93
1
11
236
84
4
83
9
2
3
93
1
11
236
84
4
83
9
2
3
93
1
11
236
84
4
83
9
2
3
93
1
11
236
84
4
83
9
2
3
93
1
11
236
84
4
83
9
2
3
93
1
11
236
84
4
83
9
2
3
93
1
11
236
84
4
83
9
2
3
93
1
11
236
84
4
83
9
2
3
93
1
11
236
84
4
83
9
2
3
93
1
11
236
84
4
83
9
2
3
93
1
11
236
84
4
83
9
2
3
93
1
11
236
84
4
83
9
2
3
93
1
11
236
84
4
83
9
2
