347
340
199
191
274
443
447
445
444
435
347
340
199
191
274
443
447
445
444
435
347
340
199
191
274
443
447
445
444
435
347
340
199
191
274
443
447
445
444
435
347
340
199
191
274
443
447
445
444
435
347
340
199
191
274
443
447
445
444
435
347
340
199
191
274
443
447
445
444
435
347
340
199
191
274
443
447
445
444
435
347
340
199
191
274
443
447
445
444
435
347
340
199
191
274
443
447
445
444
435
347
340
199
191
274
443
447
445
444
435
347
340
199
191
274
443
447
445
444
435
347
340
199
191
274
443
447
445
444
435
347
340
199
191
274
443
447
445
444
435
347
340
199
191
274
443
447
445
444
435
347
340
199
191
274
443
447
445
444
435
347
340
199
191
274
443
447
445
444
435
347
340
199
191
274
443
447
445
444
435
347
340
199
191
274
443
447
445
444
435
347
340
199
191
274
443
447
445
444
435
347
340
199
191
274
443
447
445
444
435
347
340
199
191
274
443
447
445
444
435
347
340
199
191
274
443
447
445
444
435
347
340
199
191
274
443
447
445
444
435
347
340
199
191
274
443
447
445
444
435
347
340
199
191
274
443
447
445
444
435
347
340
199
191
274
443
447
445
444
435
347
340
199
191
274
443
447
445
444
435
347
340
199
191
274
443
447
445
444
435
347
340
199
191
274
443
447
445
444
435
347
340
199
191
274
443
447
445
444
435
347
340
199
191
274
443
447
445
444
435
347
340
199
191
274
443
447
445
444
435
347
340
199
191
274
443
447
445
444
435
347
340
199
191
274
443
447
445
444
435
347
340
199
191
274
443
447
445
444
435
347
340
199
191
274
443
447
445
444
435
347
340
199
191
274
443
447
445
444
435
347
340
199
191
274
443
447
445
444
435
347
340
199
191
274
443
447
445
444
435
347
340
199
191
274
443
447
445
444
435
347
340
199
191
274
443
447
445
444
435
347
340
199
191
274
443
447
445
444
435
347
340
199
191
274
443
447
445
444
435
347
340
199
191
274
443
447
445
444
435
347
340
199
191
274
443
447
445
444
435
347
340
199
191
274
443
447
445
444
435
347
340
199
191
274
443
447
445
444
435
347
340
199
191
274
443
447
445
444
435
347
340
199
191
274
443
447
445
444
435
