3
43
1
11
83
80
4
9
2
93
3
43
1
11
83
80
4
9
2
93
3
43
1
11
83
80
4
9
2
93
3
43
1
11
83
80
4
9
2
93
3
43
1
11
83
80
4
9
2
93
3
43
1
11
83
80
4
9
2
93
3
43
1
11
83
80
4
9
2
93
3
43
1
11
83
80
4
9
2
93
3
43
1
11
83
80
4
9
2
93
3
43
1
11
83
80
4
9
2
93
3
43
1
11
83
80
4
9
2
93
3
43
1
11
83
80
4
9
2
93
3
43
1
11
83
80
4
9
2
93
3
43
1
11
83
80
4
9
2
93
3
43
1
11
83
80
4
9
2
93
3
43
1
11
83
80
4
9
2
93
3
43
1
11
83
80
4
9
2
93
3
43
1
11
83
80
4
9
2
93
3
43
1
11
83
80
4
9
2
93
3
43
1
11
83
80
4
9
2
93
3
43
1
11
83
80
4
9
2
93
3
43
1
11
83
80
4
9
2
93
3
43
1
11
83
80
4
9
2
93
3
43
1
11
83
80
4
9
2
93
3
43
1
11
83
80
4
9
2
93
3
43
1
11
83
80
4
9
2
93
3
43
1
11
83
80
4
9
2
93
3
43
1
11
83
80
4
9
2
93
3
43
1
11
83
80
4
9
2
93
3
43
1
11
83
80
4
9
2
93
3
43
1
11
83
80
4
9
2
93
3
43
1
11
83
80
4
9
2
93
3
43
1
11
83
80
4
9
2
93
3
43
1
11
83
80
4
9
2
93
3
43
1
11
83
80
4
9
2
93
3
43
1
11
83
80
4
9
2
93
3
43
1
11
83
80
4
9
2
93
3
43
1
11
83
80
4
9
2
93
3
43
1
11
83
80
4
9
2
93
3
43
1
11
83
80
4
9
2
93
3
43
1
11
83
80
4
9
2
93
3
43
1
11
83
80
4
9
2
93
3
43
1
11
83
80
4
9
2
93
3
43
1
11
83
80
4
9
2
93
3
43
1
11
83
80
4
9
2
93
3
43
1
11
83
80
4
9
2
93
3
43
1
11
83
80
4
9
2
93
3
43
1
11
83
80
4
9
2
93
3
43
1
11
83
80
4
9
2
93
3
43
1
11
83
80
4
9
2
93
