11
30
33
13
21
11
30
33
13
21
11
30
33
13
21
11
30
33
13
21
11
30
33
13
21
11
30
33
13
21
11
30
33
13
21
11
30
33
13
21
11
30
33
13
21
11
30
33
13
21
11
30
33
13
21
11
30
33
13
21
11
30
33
13
21
11
30
33
13
21
11
30
33
13
21
11
30
33
13
21
11
30
33
13
21
11
30
33
13
21
11
30
33
13
21
11
30
33
13
21
11
30
33
13
21
11
30
33
13
21
11
30
33
13
21
11
30
33
13
21
11
30
33
13
21
11
30
33
13
21
11
30
33
13
21
11
30
33
13
21
11
30
33
13
21
11
30
33
13
21
11
30
33
13
21
11
30
33
13
21
11
30
33
13
21
11
30
33
13
21
11
30
33
13
21
11
30
33
13
21
11
30
33
13
21
11
30
33
13
21
11
30
33
13
21
11
30
33
13
21
11
30
33
13
21
11
30
33
13
21
11
30
33
13
21
11
30
33
13
21
11
30
33
13
21
11
30
33
13
21
11
30
33
13
21
11
30
33
13
21
11
30
33
13
21
11
30
33
13
21
