107
9327
5880
6178
8579
6821
5494
9007
6472
6939
107
9327
5880
6178
8579
6821
5494
9007
6472
6939
107
9327
5880
6178
8579
6821
5494
9007
6472
6939
107
9327
5880
6178
8579
6821
5494
9007
6472
6939
107
9327
5880
6178
8579
6821
5494
9007
6472
6939
107
9327
5880
6178
8579
6821
5494
9007
6472
6939
107
9327
5880
6178
8579
6821
5494
9007
6472
6939
107
9327
5880
6178
8579
6821
5494
9007
6472
6939
107
9327
5880
6178
8579
6821
5494
9007
6472
6939
107
9327
5880
6178
8579
6821
5494
9007
6472
6939
107
9327
5880
6178
8579
6821
5494
9007
6472
6939
107
9327
5880
6178
8579
6821
5494
9007
6472
6939
107
9327
5880
6178
8579
6821
5494
9007
6472
6939
107
9327
5880
6178
8579
6821
5494
9007
6472
6939
107
9327
5880
6178
8579
6821
5494
9007
6472
6939
107
9327
5880
6178
8579
6821
5494
9007
6472
6939
107
9327
5880
6178
8579
6821
5494
9007
6472
6939
107
9327
5880
6178
8579
6821
5494
9007
6472
6939
107
9327
5880
6178
8579
6821
5494
9007
6472
6939
107
9327
5880
6178
8579
6821
5494
9007
6472
6939
107
9327
5880
6178
8579
6821
5494
9007
6472
6939
107
9327
5880
6178
8579
6821
5494
9007
6472
6939
107
9327
5880
6178
8579
6821
5494
9007
6472
6939
107
9327
5880
6178
8579
6821
5494
9007
6472
6939
107
9327
5880
6178
8579
6821
5494
9007
6472
6939
107
9327
5880
6178
8579
6821
5494
9007
6472
6939
107
9327
5880
6178
8579
6821
5494
9007
6472
6939
107
9327
5880
6178
8579
6821
5494
9007
6472
6939
107
9327
5880
6178
8579
6821
5494
9007
6472
6939
107
9327
5880
6178
8579
6821
5494
9007
6472
6939
107
9327
5880
6178
8579
6821
5494
9007
6472
6939
107
9327
5880
6178
8579
6821
5494
9007
6472
6939
107
9327
5880
6178
8579
6821
5494
9007
6472
6939
107
9327
5880
6178
8579
6821
5494
9007
6472
6939
107
9327
5880
6178
8579
6821
5494
9007
6472
6939
107
9327
5880
6178
8579
6821
5494
9007
6472
6939
107
9327
5880
6178
8579
6821
5494
9007
6472
6939
107
9327
5880
6178
8579
6821
5494
9007
6472
6939
107
9327
5880
6178
8579
6821
5494
9007
6472
6939
107
9327
5880
6178
8579
6821
5494
9007
6472
6939
107
9327
5880
6178
8579
6821
5494
9007
6472
6939
107
9327
5880
6178
8579
6821
5494
9007
6472
6939
107
9327
5880
6178
8579
6821
5494
9007
6472
6939
107
9327
5880
6178
8579
6821
5494
9007
6472
6939
107
9327
5880
6178
8579
6821
5494
9007
6472
6939
107
9327
5880
6178
8579
6821
5494
9007
6472
6939
107
9327
5880
6178
8579
6821
5494
9007
6472
6939
107
9327
5880
6178
8579
6821
5494
9007
6472
6939
107
9327
5880
6178
8579
6821
5494
9007
6472
6939
107
9327
5880
6178
8579
6821
5494
9007
6472
6939
