1317
1316
1315
1969
1847
1932
1933
1920
1536
1938
1317
1316
1315
1969
1847
1932
1933
1920
1536
1938
1317
1316
1315
1969
1847
1932
1933
1920
1536
1938
1317
1316
1315
1969
1847
1932
1933
1920
1536
1938
1317
1316
1315
1969
1847
1932
1933
1920
1536
1938
1317
1316
1315
1969
1847
1932
1933
1920
1536
1938
1317
1316
1315
1969
1847
1932
1933
1920
1536
1938
1317
1316
1315
1969
1847
1932
1933
1920
1536
1938
1317
1316
1315
1969
1847
1932
1933
1920
1536
1938
1317
1316
1315
1969
1847
1932
1933
1920
1536
1938
1317
1316
1315
1969
1847
1932
1933
1920
1536
1938
1317
1316
1315
1969
1847
1932
1933
1920
1536
1938
1317
1316
1315
1969
1847
1932
1933
1920
1536
1938
1317
1316
1315
1969
1847
1932
1933
1920
1536
1938
1317
1316
1315
1969
1847
1932
1933
1920
1536
1938
1317
1316
1315
1969
1847
1932
1933
1920
1536
1938
1317
1316
1315
1969
1847
1932
1933
1920
1536
1938
1317
1316
1315
1969
1847
1932
1933
1920
1536
1938
1317
1316
1315
1969
1847
1932
1933
1920
1536
1938
1317
1316
1315
1969
1847
1932
1933
1920
1536
1938
1317
1316
1315
1969
1847
1932
1933
1920
1536
1938
1317
1316
1315
1969
1847
1932
1933
1920
1536
1938
1317
1316
1315
1969
1847
1932
1933
1920
1536
1938
1317
1316
1315
1969
1847
1932
1933
1920
1536
1938
1317
1316
1315
1969
1847
1932
1933
1920
1536
1938
1317
1316
1315
1969
1847
1932
1933
1920
1536
1938
1317
1316
1315
1969
1847
1932
1933
1920
1536
1938
1317
1316
1315
1969
1847
1932
1933
1920
1536
1938
1317
1316
1315
1969
1847
1932
1933
1920
1536
1938
1317
1316
1315
1969
1847
1932
1933
1920
1536
1938
1317
1316
1315
1969
1847
1932
1933
1920
1536
1938
1317
1316
1315
1969
1847
1932
1933
1920
1536
1938
1317
1316
1315
1969
1847
1932
1933
1920
1536
1938
1317
1316
1315
1969
1847
1932
1933
1920
1536
1938
1317
1316
1315
1969
1847
1932
1933
1920
1536
1938
1317
1316
1315
1969
1847
1932
1933
1920
1536
1938
1317
1316
1315
1969
1847
1932
1933
1920
1536
1938
1317
1316
1315
1969
1847
1932
1933
1920
1536
1938
1317
1316
1315
1969
1847
1932
1933
1920
1536
1938
1317
1316
1315
1969
1847
1932
1933
1920
1536
1938
1317
1316
1315
1969
1847
1932
1933
1920
1536
1938
1317
1316
1315
1969
1847
1932
1933
1920
1536
1938
1317
1316
1315
1969
1847
1932
1933
1920
1536
1938
1317
1316
1315
1969
1847
1932
1933
1920
1536
1938
1317
1316
1315
1969
1847
1932
1933
1920
1536
1938
1317
1316
1315
1969
1847
1932
1933
1920
1536
1938
1317
1316
1315
1969
1847
1932
1933
1920
1536
1938
1317
1316
1315
1969
1847
1932
1933
1920
1536
1938
1317
1316
1315
1969
1847
1932
1933
1920
1536
1938
1317
1316
1315
1969
1847
1932
1933
1920
1536
1938
