325
75
351
542
385
105
810
466
999
60
772
729
595
723
112
60
913
208
760
413
459
542
1022
729
79
810
277
502
1024
133
459
485
772
277
133
112
32
650
352
436
75
392
105
502
394
723
60
399
436
5
325
351
542
1022
105
595
66
999
60
1069
403
385
392
105
1055
133
456
32
1504
413
1022
66
810
277
502
427
466
394
60
32
325
542
66
502
427
1091
60
32
913
1069
325
403
542
385
1022
729
1024
456
60
32
325
75
1022
595
1055
66
502
913
436
157
403
459
542
82
810
1024
427
208
1504
413
459
542
392
595
277
1024
427
1091
394
119
325
75
105
595
502
427
1091
268
466
394
403
542
385
66
268
466
60
420
760
72
459
485
772
105
66
277
1024
133
1069
650
351
459
385
392
1022
105
1055
810
502
394
325
403
392
595
79
1055
66
810
466
133
75
542
485
79
1055
277
268
723
60
399
485
772
392
105
79
82
466
112
60
420
351
485
729
82
394
723
999
760
352
157
325
459
542
385
772
729
79
810
502
133
75
459
542
772
810
277
427
268
133
112
325
75
351
385
485
1022
595
1055
60
413
75
105
82
133
112
208
352
436
407
785
75
351
459
385
392
105
729
82
399
420
772
810
502
427
999
32
399
208
72
157
459
82
66
1024
456
650
413
436
1143
604
325
403
277
1024
1091
650
72
413
123
604
385
485
392
105
277
502
133
913
208
1504
75
392
1055
66
277
1091
466
456
913
399
325
351
459
385
485
595
82
723
999
352
325
772
82
810
277
133
999
399
208
420
595
82
427
466
999
1069
420
72
5
1143
459
542
729
1024
723
999
413
5
793
510
403
392
66
1024
1091
723
913
399
208
760
325
75
459
385
1022
82
502
1024
32
1069
75
351
595
456
60
32
208
424
793
1027
772
595
79
277
1024
268
999
913
1069
1504
459
385
772
66
1024
1091
466
112
913
420
325
542
385
595
427
466
723
60
32
650
75
351
403
485
105
729
595
66
466
112
459
772
105
268
723
112
208
420
424
5
1022
595
810
502
913
760
119
436
168
123
459
772
392
1055
66
913
760
119
352
424
351
403
459
79
394
760
72
119
436
5
385
392
1022
729
1055
268
1069
420
650
760
595
66
1024
427
1091
723
60
913
399
72
351
1022
729
66
268
466
999
208
420
1504
75
542
772
595
79
427
133
394
456
723
