1538
2155
49
15
2407
1376
1942
916
2114
1742
2707
1017
1741
680
589
430
813
2040
3142
808
536
3638
586
828
1434
1186
2041
2809
689
512
601
684
2016
773
3359
698
317
2274
730
798
432
1897
236
727
458
1539
3125
687
926
587
709
766
815
2533
139
796
476
4240
1911
1383
298
616
898
1364
1343
230
1088
798
2187
2532
906
709
880
2761
528
139
1326
1458
4457
2239
1742
922
769
142
2153
2011
3139
696
2805
1334
2037
603
3909
2154
1359
1670
1383
2069
880
695
2108
2110
230
1892
896
1893
209
1830
778
430
2493
430
16
1896
1153
1563
2110
179
471
513
247
676
2850
698
2259
790
523
684
692
298
2187
2805
2341
1536
1179
1781
33
244
1189
1121
1668
1916
523
713
770
589
2012
1553
3518
2430
407
676
1896
891
1581
1981
1210
3638
1980
1464
3638
782
476
927
2321
1456
1680
2350
2152
2061
523
1029
796
177
4003
368
2232
604
994
2214
436
539
155
1337
501
2062
649
50
2768
767
681
2531
1344
858
1271
220
1102
108
1081
3947
1668
2016
2037
2061
2154
220
1843
1455
872
4512
840
593
764
994
238
1336
369
2328
2047
2259
695
2411
929
1580
2525
956
2491
613
1895
795
674
913
865
828
866
1821
2345
777
221
3937
435
2187
154
404
2343
1993
3150
1451
2354
2104
681
994
476
866
1013
840
230
3111
1042
715
913
684
2192
1317
83
2407
2428
929
16
2408
247
814
811
1368
956
787
512
2184
1743
1807
1668
1946
709
849
303
723
170
3114
2611
3706
1183
601
2187
2126
14
1329
868
1169
369
2249
2021
1321
849
3124
504
3605
454
3140
696
688
601
2352
3641
3111
3141
525
2126
885
917
2154
1539
865
917
1899
1056
1271
454
3808
1321
413
525
44
1464
2343
2354
506
868
2025
2196
976
2601
3150
2181
2202
527
1906
714
1684
151
2108
1910
154
2184
1340
3364
470
679
698
1115
3689
964
1894
866
369
1011
401
1599
3678
3638
1347
613
242
766
1014
1663
1326
1453
2187
170
2807
906
840
1433
805
14
528
1995
774
1851
682
793
1946
46
801
769
1468
1737
1668
1666
2486
1988
171
3531
2372
4836
2156
1133
434
3678
175
1145
2880
1457
686
1357
903
692
2177
2170
811
2061
2113
273
242
17
1145
733
406
413
2678
2267
719
1158
3236
1778
1564
2169
491
613
2493
848
1802
2913
871
453
2842
3135
2324
2184
2408
242
2357
917
2042
1341
3174
1982
471
4304
2332
725
922
710
2161
1458
295
866
3360
455
368
906
515
714
14
1802
1337
1127
956
798
2267
1916
684
1344
238
2858
1807
2832
2032
19
4456
688
2859
3531
2670
1263
91
5844
527
1463
1471
