90779436
93905958
25952851
19040580
5650332
7194892
14453798
104209445
17919972
47161442
127973392
21158690
30680870
14145493
43366650
73446048
16871637
25026165
146155608
19413393
87764480
231893190
94918917
16421419
155969606
61475880
44507340
19631395
24081780
14155052
7872262
8001572
59414975
14506809
16577804
5650332
14139971
19637934
18941809
15098511
21681252
82030021
8470732
21158690
14498387
5650332
189178986
117541123
272521291
126881128
14573745
25376226
17632072
184637613
16079941
17224642
57986173
259379883
128968339
18393773
14536491
19040580
21158690
65047891
14498387
166732373
104352067
17140787
30456447
5995932
87764480
1065921
16475194
105035129
66699013
16567106
17794004
6054912
164686885
15216860
7702232
45416789
15154217
18393773
22258315
103975904
124524869
196710000
21697900
29118453
7377812
29758446
231893190
45862504
198876913
93885127
114910205
657863
17140787
11928542
6608332
7872262
14692604
25376226
28482819
14498387
22715267
19595287
14139971
19637934
20880546
3443591
238289569
12611642
94918917
22715267
15993650
75165115
9117202
73446048
20490915
58368604
35726059
239760107
117177831
26033920
65047891
188443111
85343184
30456447
14506809
6054912
14270527
506688854
16799897
248807431
11928542
62609430
24117694
96513226
65047891
22461427
14075928
13185852
101633415
36803580
5774432
14573745
3829151
282733465
29514951
14692604
19413393
93885127
5906322
30680870
155969606
121258930
3443591
141021153
24641194
45416789
43170475
16475194
290097288
15447248
16567106
9117202
105004950
154309021
7872262
14536491
290097288
42361118
7194892
18753000
177352756
268270621
242451319
19550535
28149277
141508391
58368604
18393773
50275056
20471349
139162440
9431932
28125177
75165115
8001572
16048740
110315478
14180231
34428380
57986173
14139971
35722372
48370736
31037985
11928542
284422688
141021153
141508391
21549924
92591481
14453798
14270527
284174632
30456447
24942585
16048740
238289569
28149277
18713254
16955141
17919972
15134782
237420957
7872262
18715024
204089551
188443111
306445007
657863
38070776
200212364
3829151
7157132
19637934
20935355
22462180
24117694
18713254
50393960
18021714
272521291
3321441
223581250
14536491
20471349
59414975
14139971
303060652
31037985
88109378
15838599
193545258
816653
24004172
29514951
18742444
184637153
11928542
14692604
204089551
43170475
18963070
18941809
350978314
36629388
159223855
52361963
96513226
48370736
37214134
14270527
7377812
46423291
141508391
8470732
15653423
12223
94454911
21111883
187144700
7872262
3443591
238289569
28933226
11928542
111164068
28149277
41172837
94480069
155969606
16069548
24585498
93905958
45416789
146155608
3040621
226014818
144320202
234169190
24585498
7702232
14471778
17526132
17552077
21681252
24081780
14573745
7377812
28933226
91105535
20689206
246209510
14506253
50275056
6608332
26280712
14498387
15575251
1134701
12223
2367911
246209510
90964854
23179034
82030021
110315478
14609321
18393773
164686885
175479505
222221274
31808762
6608332
28149277
20397258
104352067
128968339
17803303
30364057
36803580
20
64285972
1715051
141021153
26280712
261001122
30364057
16567106
65673
13185852
4068821
2367911
13317162
222640532
94918917
16567106
1045521
131350078
269248034
7872262
7702232
41172837
15575251
9431932
25026165
184637153
28719244
9431932
18393773
76587180
22258315
15661871
15680204
282447785
82030021
24081780
19413393
126444583
15154217
14824849
7157132
76587180
9275742
20273398
27855118
28149277
28933226
16475194
20397258
303060652
14160974
27527745
29514951
19040580
347412328
105035129
234526497
14348594
33191389
12298182
16513135
14464369
91105535
7157132
27855118
25952851
28149277
17632072
62609430
104352067
14536491
196710000
25473689
211636366
29514951
18742444
26280712
24004172
7377812
111164068
141508391
159223855
62581962
20152005
25026165
131601987
19413393
43170475
14038862
198876913
234169190
19161407
6480682
246209510
87764480
6608332
121258930
18742444
82030021
14692604
9431932
15154217
272521291
154309021
121258930
90779436
13687132
7565302
15666380
19732725
28125177
117177831
111164068
65047891
7702232
200212364
23822446
85501252
5774432
242451319
111164068
12127832
25376226
25473689
90779436
19040580
20747847
24117694
19414296
1072591
121825928
393242944
27527745
6351572
141021153
290097288
84043660
14983833
259379883
141861462
16507692
7376382
27641634
6351572
90779436
141021153
43170475
16674726
110315478
18963070
21158690
14180231
50393960
657863
5650332
131350078
272521291
35726059
90964854
108621190
27855118
24641194
8001572
111164068
