416
353
127
225
74
499
585
1076
215
243
370
734
652
444
802
823
213
581
326
549
136
734
444
383
78
225
400
588
232
1061
136
1028
241
383
106
566
93
232
72
155
76
1028
292
241
478
255
74
336
406
72
370
1028
292
273
520
478
802
823
481
1076
76
1028
734
292
353
241
652
255
265
74
1028
1139
225
74
3215
588
403
326
549
678
370
416
273
652
520
255
213
3215
526
215
140
76
1028
734
652
78
639
134
448
213
136
76
241
188
106
127
639
225
93
3215
140
136
1028
416
255
93
3161
723
480
4063
140
76
1139
106
478
78
588
676
526
300
140
195
1028
416
734
241
106
265
74
499
136
292
1139
78
802
134
56
146
1076
676
195
1139
106
78
639
566
448
233
3215
851
140
734
458
188
273
444
106
478
127
448
444
127
134
232
443
452
192
378
286
672
140
175
1028
458
273
652
444
106
265
213
140
195
188
255
639
823
3215
400
56
588
140
195
416
734
255
802
516
74
93
448
175
1028
127
639
823
213
588
585
146
403
652
823
3215
56
1061
481
146
88
723
155
76
195
1028
416
241
273
520
478
566
823
140
136
292
188
520
78
74
134
499
823
175
416
1139
241
188
478
802
134
448
400
136
175
458
652
106
566
56
1061
146
406
1028
292
241
478
74
566
499
93
400
588
76
175
195
458
188
444
127
74
448
823
140
175
416
458
241
273
652
444
265
639
1028
734
292
134
823
56
1061
723
72
155
76
175
370
1139
273
383
127
516
566
3215
458
353
134
299
585
562
1824
186
234
480
140
76
370
292
188
273
383
255
516
74
140
136
76
195
416
652
78
802
74
1076
241
444
78
516
355
480
530
326
165
586
734
241
255
56
1076
336
406
1824
155
215
76
1028
734
499
406
355
530
180
581
549
136
76
195
78
639
588
232
88
562
403
136
416
734
292
458
444
520
383
802
225
76
1028
416
458
241
444
127
802
639
499
76
175
416
1139
106
802
146
403
723
72
76
416
353
188
444
265
516
232
1061
443
1028
416
353
188
566
823
213
56
232
146
520
265
213
299
851
3161
481
146
1824
165
136
76
195
1028
292
1139
74
299
1824
243
416
353
478
127
134
3215
400
585
481
526
734
652
444
78
74
499
3215
851
1061
676
140
175
458
585
443
336
88
186
243
452
175
370
458
1139
444
383
639
134
448
233
