143
634
71399
118
1
1059
0
726
301
90
143
1059
0
1225
1669
629
1753
31
663
1894
1516
1
1619
418
1164
1623
59
1432
433
1620
645
737
1179
1719
128
27
1
2512
1440
824
18
1719
1516
735
385
550
1164
301
586
90
18
71399
128
780
27
763
401
791
385
1164
18
634
1719
27
34
401
637
550
3850
586
44
71399
780
763
401
824
1191
563
726
586
18
143
44
27
40
34
1
763
824
576
1179
4416
40
418
1191
125
1669
563
141
59
645
118
4416
28
418
1440
735
385
661
2120
18
645
634
44
118
418
637
385
1398
549
18
44
136
34
763
576
1164
2120
1283
715
18
44
790
136
763
418
135
549
125
717
645
1179
128
77
637
791
385
135
1191
125
18
143
634
128
780
1059
401
637
735
1225
737
790
780
401
3924
735
791
0
725
3850
18
143
71399
1516
763
1619
135
125
1621
3850
634
128
40
1059
385
1669
586
433
19
145
1179
1719
4416
40
34
1440
735
385
135
1621
634
71399
118
40
1516
735
385
550
576
3850
763
1619
418
824
135
1191
661
1164
1620
590
645
780
77
418
550
1191
1225
1669
329
169
645
44
71399
763
1059
738
125
59
301
1432
71399
780
40
763
1619
738
2512
824
125
1225
18
71399
40
1516
28
401
824
1398
1225
1669
18
1719
738
2512
824
1191
549
1225
1909
19
1179
780
27
1059
1619
637
385
1283
1617
1029
136
71399
118
780
27
1
1059
28
401
2512
634
763
2512
637
735
725
918
726
443
301
790
1719
34
1
738
418
791
385
1606
398
18
780
1516
2512
418
1440
637
3850
1432
169
790
128
4416
27
1516
77
738
418
549
1621
1179
1719
128
1516
1
763
1398
1225
918
576
790
27
401
418
735
125
918
717
1623
301
645
143
44
77
738
418
550
1620
90
329
44
136
1179
1719
4416
3924
735
791
550
1191
44
790
136
780
40
77
418
637
385
1398
18
645
71399
128
40
1516
824
1164
726
74
634
128
27
34
1059
0
1225
1621
1623
563
645
44
27
40
1516
1
77
735
329
210
18
645
1179
725
576
1621
1669
2144
849
650
143
790
71399
1719
4416
40
1059
824
385
549
1719
1516
763
738
401
735
1398
717
1432
1283
634
44
790
136
1179
1619
401
1440
135
1398
634
136
118
27
34
550
1398
1164
726
141
18
118
4416
780
40
1
763
1059
2512
135
18
645
1516
1059
1619
0
125
3850
141
443
737
71399
34
1
1059
1440
385
1398
1164
586
18
645
143
634
4416
763
637
824
550
1398
