4141
3408
1898
4266
4642
2683
2985
4357
3800
2882
4141
3408
1898
4266
4642
2683
2985
4357
3800
2882
4141
3408
1898
4266
4642
2683
2985
4357
3800
2882
4141
3408
1898
4266
4642
2683
2985
4357
3800
2882
4141
3408
1898
4266
4642
2683
2985
4357
3800
2882
4141
3408
1898
4266
4642
2683
2985
4357
3800
2882
4141
3408
1898
4266
4642
2683
2985
4357
3800
2882
4141
3408
1898
4266
4642
2683
2985
4357
3800
2882
4141
3408
1898
4266
4642
2683
2985
4357
3800
2882
4141
3408
1898
4266
4642
2683
2985
4357
3800
2882
4141
3408
1898
4266
4642
2683
2985
4357
3800
2882
4141
3408
1898
4266
4642
2683
2985
4357
3800
2882
4141
3408
1898
4266
4642
2683
2985
4357
3800
2882
4141
3408
1898
4266
4642
2683
2985
4357
3800
2882
4141
3408
1898
4266
4642
2683
2985
4357
3800
2882
4141
3408
1898
4266
4642
2683
2985
4357
3800
2882
4141
3408
1898
4266
4642
2683
2985
4357
3800
2882
4141
3408
1898
4266
4642
2683
2985
4357
3800
2882
4141
3408
1898
4266
4642
2683
2985
4357
3800
2882
4141
3408
1898
4266
4642
2683
2985
4357
3800
2882
4141
3408
1898
4266
4642
2683
2985
4357
3800
2882
4141
3408
1898
4266
4642
2683
2985
4357
3800
2882
4141
3408
1898
4266
4642
2683
2985
4357
3800
2882
4141
3408
1898
4266
4642
2683
2985
4357
3800
2882
4141
3408
1898
4266
4642
2683
2985
4357
3800
2882
4141
3408
1898
4266
4642
2683
2985
4357
3800
2882
4141
3408
1898
4266
4642
2683
2985
4357
3800
2882
4141
3408
1898
4266
4642
2683
2985
4357
3800
2882
4141
3408
1898
4266
4642
2683
2985
4357
3800
2882
4141
3408
1898
4266
4642
2683
2985
4357
3800
2882
4141
3408
1898
4266
4642
2683
2985
4357
3800
2882
4141
3408
1898
4266
4642
2683
2985
4357
3800
2882
4141
3408
1898
4266
4642
2683
2985
4357
3800
2882
4141
3408
1898
4266
4642
2683
2985
4357
3800
2882
4141
3408
1898
4266
4642
2683
2985
4357
3800
2882
4141
3408
1898
4266
4642
2683
2985
4357
3800
2882
4141
3408
1898
4266
4642
2683
2985
4357
3800
2882
4141
3408
1898
4266
4642
2683
2985
4357
3800
2882
4141
3408
1898
4266
4642
2683
2985
4357
3800
2882
4141
3408
1898
4266
4642
2683
2985
4357
3800
2882
4141
3408
1898
4266
4642
2683
2985
4357
3800
2882
4141
3408
1898
4266
4642
2683
2985
4357
3800
2882
4141
3408
1898
4266
4642
2683
2985
4357
3800
2882
4141
3408
1898
4266
4642
2683
2985
4357
3800
2882
4141
3408
1898
4266
4642
2683
2985
4357
3800
2882
4141
3408
1898
4266
4642
2683
2985
4357
3800
2882
4141
3408
1898
4266
4642
2683
2985
4357
3800
2882
4141
3408
1898
4266
4642
2683
2985
4357
3800
2882
4141
3408
1898
4266
4642
2683
2985
4357
3800
2882
4141
3408
1898
4266
4642
2683
2985
4357
3800
2882
