176
739
800
105
330
212
97
410
466
126
92
800
309
405
425
413
456
93
223
97
132
176
49
163
141
38
573
309
425
53
36
92
180
502
163
105
141
38
226
405
115
36
92
502
176
234
800
573
309
405
56
36
502
739
135
38
226
573
747
306
36
92
132
180
739
49
800
405
330
747
36
124
135
163
573
59
93
409
747
223
124
176
163
800
105
405
425
223
689
212
180
502
163
800
226
309
409
223
212
97
115
234
425
220
93
330
915
97
1016
466
176
573
53
59
915
223
410
42
774
327
115
56
502
234
38
309
53
59
456
409
36
135
309
413
53
59
456
223
212
417
115
92
124
502
49
163
141
226
573
330
36
124
132
502
176
739
163
141
226
573
92
135
405
220
409
915
1016
466
58
123
115
92
132
739
135
49
234
226
405
425
132
413
59
456
915
204
417
126
327
28
36
132
502
163
800
105
425
413
220
93
115
105
226
413
409
747
915
306
689
204
36
502
739
135
163
800
141
59
220
409
502
135
141
38
226
573
59
747
689
417
92
180
739
49
800
53
456
409
915
689
115
56
124
502
176
234
105
38
309
405
220
915
466
126
42
327
790
107
582
72
92
124
132
180
176
739
141
573
309
405
132
180
502
49
105
425
220
409
306
40
92
135
49
409
330
306
689
40
97
204
36
124
502
739
49
141
573
409
330
689
124
135
800
425
413
93
330
417
28
34
56
36
92
135
234
425
456
409
747
915
56
132
502
163
234
105
141
309
425
59
56
135
800
38
573
405
220
747
223
689
92
502
135
163
456
409
223
126
188
729
115
36
132
502
176
49
105
141
226
309
56
36
176
49
234
226
405
413
59
409
92
135
234
105
573
456
40
466
126
58
115
739
135
49
234
800
226
409
97
204
115
124
135
38
405
425
413
59
93
915
36
180
800
105
141
309
330
915
1016
466
132
176
739
105
38
226
573
309
413
93
180
135
425
53
40
1016
582
123
64
668
56
180
176
413
409
330
97
1016
64
44
115
92
180
739
49
105
38
226
413
747
36
49
105
425
413
330
747
97
327
790
56
132
502
163
573
689
40
204
126
58
115
124
135
234
226
309
405
413
59
747
163
800
38
53
220
409
417
126
774
790
124
502
135
49
234
800
105
573
53
456
