60
47
48
71
170
65
22
63
53
2
68
151
6
225
5
50
154
78
59
28
54
156
86
3
60
47
48
71
170
65
22
63
53
2
68
151
6
225
5
50
154
78
59
28
54
156
86
3
60
47
48
71
170
65
22
63
53
2
68
151
6
225
5
50
154
78
59
28
54
156
86
3
60
47
48
71
170
65
22
63
53
2
68
151
6
225
5
50
154
78
59
28
54
156
86
3
60
47
48
71
170
65
22
63
53
2
68
151
6
225
5
50
154
78
59
28
54
156
86
3
60
47
48
71
170
65
22
63
53
2
68
151
6
225
5
50
154
78
59
28
54
156
86
3
60
47
48
71
170
65
22
63
53
2
68
151
6
225
5
50
154
78
59
28
54
156
86
3
60
47
48
71
170
65
22
63
53
2
68
151
6
225
5
50
154
78
59
28
54
156
86
3
60
47
48
71
170
65
22
63
53
2
68
151
6
225
5
50
154
78
59
28
54
156
86
3
60
47
48
71
170
65
22
63
53
2
68
151
6
225
5
50
154
78
59
28
54
156
86
3
60
47
48
71
170
65
22
63
53
2
68
151
6
225
5
50
154
78
59
28
54
156
86
3
60
47
48
71
170
65
22
63
53
2
68
151
6
225
5
50
154
78
59
28
54
156
86
3
60
47
48
71
170
65
22
63
53
2
68
151
6
225
5
50
154
78
59
28
54
156
86
3
60
47
48
71
170
65
22
63
53
2
68
151
6
225
5
50
154
78
59
28
54
156
86
3
60
47
48
71
170
65
22
63
53
2
68
151
6
225
5
50
154
78
59
28
54
156
86
3
60
47
48
71
170
65
22
63
53
2
68
151
6
225
5
50
154
78
59
28
54
156
86
3
60
47
48
71
170
65
22
63
53
2
68
151
6
225
5
50
154
78
59
28
54
156
86
3
60
47
48
71
170
65
22
63
53
2
68
151
6
225
5
50
154
78
59
28
54
156
86
3
60
47
48
71
170
65
22
63
53
2
68
151
6
225
5
50
154
78
59
28
54
156
86
3
60
47
48
71
170
65
22
63
53
2
68
151
6
225
5
50
154
78
59
28
54
156
86
3
60
47
48
71
170
65
22
63
53
2
68
151
6
225
5
50
154
78
59
28
z