122
7
53
60
106
128
44
18
30
82
122
7
53
60
106
128
44
18
30
82
122
7
53
60
106
128
44
18
30
82
122
7
53
60
106
128
44
18
30
82
122
7
53
60
106
128
44
18
30
82
122
7
53
60
106
128
44
18
30
82
122
7
53
60
106
128
44
18
30
82
122
7
53
60
106
128
44
18
30
82
122
7
53
60
106
128
44
18
30
82
122
7
53
60
106
128
44
18
30
82
122
7
53
60
106
128
44
18
30
82
122
7
53
60
106
128
44
18
30
82
122
7
53
60
106
128
44
18
30
82
122
7
53
60
106
128
44
18
30
82
122
7
53
60
106
128
44
18
30
82
122
7
53
60
106
128
44
18
30
82
122
7
53
60
106
128
44
18
30
82
122
7
53
60
106
128
44
18
30
82
122
7
53
60
106
128
44
18
30
82
122
7
53
60
106
128
44
18
30
82
122
7
53
60
106
128
44
18
30
82
122
7
53
60
106
128
44
18
30
82
122
7
53
60
106
128
44
18
30
82
122
7
53
60
106
128
44
18
30
82
122
7
53
60
106
128
44
18
30
82
122
7
53
60
106
128
44
18
30
82
122
7
53
60
106
128
44
18
30
82
122
7
53
60
106
128
44
18
30
82
122
7
53
60
106
128
44
18
30
82
122
7
53
60
106
128
44
18
30
82
122
7
53
60
106
128
44
18
30
82
122
7
53
60
106
128
44
18
30
82
122
7
53
60
106
128
44
18
30
82
122
7
53
60
106
128
44
18
30
82
122
7
53
60
106
128
44
18
30
82
122
7
53
60
106
128
44
18
30
82
122
7
53
60
106
128
44
18
30
82
122
7
53
60
106
128
44
18
30
82
122
7
53
60
106
128
44
18
30
82
122
7
53
60
106
128
44
18
30
82
122
7
53
60
106
128
44
18
30
82
122
7
53
60
106
128
44
18
30
82
122
7
53
60
106
128
44
18
30
82
122
7
53
60
106
128
44
18
30
82
122
7
53
60
106
128
44
18
30
82
122
7
53
60
106
128
44
18
30
82
122
7
53
60
106
128
44
18
30
82
122
7
53
60
106
128
44
18
30
82
122
7
53
60
106
128
44
18
30
82
122
7
53
60
106
128
44
18
30
82
