1
70
75
77
39
90
87
20
64
96
1
70
75
77
39
90
87
20
64
96
1
70
75
77
39
90
87
20
64
96
1
70
75
77
39
90
87
20
64
96
1
70
75
77
39
90
87
20
64
96
1
70
75
77
39
90
87
20
64
96
1
70
75
77
39
90
87
20
64
96
1
70
75
77
39
90
87
20
64
96
1
70
75
77
39
90
87
20
64
96
1
70
75
77
39
90
87
20
64
96
1
70
75
77
39
90
87
20
64
96
1
70
75
77
39
90
87
20
64
96
1
70
75
77
39
90
87
20
64
96
1
70
75
77
39
90
87
20
64
96
1
70
75
77
39
90
87
20
64
96
1
70
75
77
39
90
87
20
64
96
1
70
75
77
39
90
87
20
64
96
1
70
75
77
39
90
87
20
64
96
1
70
75
77
39
90
87
20
64
96
1
70
75
77
39
90
87
20
64
96
1
70
75
77
39
90
87
20
64
96
1
70
75
77
39
90
87
20
64
96
1
70
75
77
39
90
87
20
64
96
1
70
75
77
39
90
87
20
64
96
1
70
75
77
39
90
87
20
64
96
1
70
75
77
39
90
87
20
64
96
1
70
75
77
39
90
87
20
64
96
1
70
75
77
39
90
87
20
64
96
1
70
75
77
39
90
87
20
64
96
1
70
75
77
39
90
87
20
64
96
1
70
75
77
39
90
87
20
64
96
1
70
75
77
39
90
87
20
64
96
1
70
75
77
39
90
87
20
64
96
1
70
75
77
39
90
87
20
64
96
1
70
75
77
39
90
87
20
64
96
1
70
75
77
39
90
87
20
64
96
1
70
75
77
39
90
87
20
64
96
1
70
75
77
39
90
87
20
64
96
1
70
75
77
39
90
87
20
64
96
1
70
75
77
39
90
87
20
64
96
1
70
75
77
39
90
87
20
64
96
1
70
75
77
39
90
87
20
64
96
1
70
75
77
39
90
87
20
64
96
1
70
75
77
39
90
87
20
64
96
1
70
75
77
39
90
87
20
64
96
1
70
75
77
39
90
87
20
64
96
1
70
75
77
39
90
87
20
64
96
1
70
75
77
39
90
87
20
64
96
1
70
75
77
39
90
87
20
64
96
1
70
75
77
39
90
87
20
64
96
