3
9
165
6
189
87
164
176
130
147
3
9
165
6
189
87
164
176
130
147
3
9
165
6
189
87
164
176
130
147
3
9
165
6
189
87
164
176
130
147
3
9
165
6
189
87
164
176
130
147
3
9
165
6
189
87
164
176
130
147
3
9
165
6
189
87
164
176
130
147
3
9
165
6
189
87
164
176
130
147
3
9
165
6
189
87
164
176
130
147
3
9
165
6
189
87
164
176
130
147
3
9
165
6
189
87
164
176
130
147
3
9
165
6
189
87
164
176
130
147
3
9
165
6
189
87
164
176
130
147
3
9
165
6
189
87
164
176
130
147
3
9
165
6
189
87
164
176
130
147
3
9
165
6
189
87
164
176
130
147
3
9
165
6
189
87
164
176
130
147
3
9
165
6
189
87
164
176
130
147
3
9
165
6
189
87
164
176
130
147
3
9
165
6
189
87
164
176
130
147
3
9
165
6
189
87
164
176
130
147
3
9
165
6
189
87
164
176
130
147
3
9
165
6
189
87
164
176
130
147
3
9
165
6
189
87
164
176
130
147
3
9
165
6
189
87
164
176
130
147
3
9
165
6
189
87
164
176
130
147
3
9
165
6
189
87
164
176
130
147
3
9
165
6
189
87
164
176
130
147
3
9
165
6
189
87
164
176
130
147
3
9
165
6
189
87
164
176
130
147
3
9
165
6
189
87
164
176
130
147
3
9
165
6
189
87
164
176
130
147
3
9
165
6
189
87
164
176
130
147
3
9
165
6
189
87
164
176
130
147
3
9
165
6
189
87
164
176
130
147
3
9
165
6
189
87
164
176
130
147
3
9
165
6
189
87
164
176
130
147
3
9
165
6
189
87
164
176
130
147
3
9
165
6
189
87
164
176
130
147
3
9
165
6
189
87
164
176
130
147
3
9
165
6
189
87
164
176
130
147
3
9
165
6
189
87
164
176
130
147
3
9
165
6
189
87
164
176
130
147
3
9
165
6
189
87
164
176
130
147
3
9
165
6
189
87
164
176
130
147
3
9
165
6
189
87
164
176
130
147
3
9
165
6
189
87
164
176
130
147
3
9
165
6
189
87
164
176
130
147
3
9
165
6
189
87
164
176
130
147
3
9
165
6
189
87
164
176
130
147
