215
91
9
27
58
1
37
99
143
234
215
91
9
27
58
1
37
99
143
234
215
91
9
27
58
1
37
99
143
234
215
91
9
27
58
1
37
99
143
234
215
91
9
27
58
1
37
99
143
234
215
91
9
27
58
1
37
99
143
234
215
91
9
27
58
1
37
99
143
234
215
91
9
27
58
1
37
99
143
234
215
91
9
27
58
1
37
99
143
234
215
91
9
27
58
1
37
99
143
234
215
91
9
27
58
1
37
99
143
234
215
91
9
27
58
1
37
99
143
234
215
91
9
27
58
1
37
99
143
234
215
91
9
27
58
1
37
99
143
234
215
91
9
27
58
1
37
99
143
234
215
91
9
27
58
1
37
99
143
234
215
91
9
27
58
1
37
99
143
234
215
91
9
27
58
1
37
99
143
234
215
91
9
27
58
1
37
99
143
234
215
91
9
27
58
1
37
99
143
234
215
91
9
27
58
1
37
99
143
234
215
91
9
27
58
1
37
99
143
234
215
91
9
27
58
1
37
99
143
234
215
91
9
27
58
1
37
99
143
234
215
91
9
27
58
1
37
99
143
234
215
91
9
27
58
1
37
99
143
234
215
91
9
27
58
1
37
99
143
234
215
91
9
27
58
1
37
99
143
234
215
91
9
27
58
1
37
99
143
234
215
91
9
27
58
1
37
99
143
234
215
91
9
27
58
1
37
99
143
234
215
91
9
27
58
1
37
99
143
234
215
91
9
27
58
1
37
99
143
234
215
91
9
27
58
1
37
99
143
234
215
91
9
27
58
1
37
99
143
234
215
91
9
27
58
1
37
99
143
234
215
91
9
27
58
1
37
99
143
234
215
91
9
27
58
1
37
99
143
234
215
91
9
27
58
1
37
99
143
234
215
91
9
27
58
1
37
99
143
234
215
91
9
27
58
1
37
99
143
234
215
91
9
27
58
1
37
99
143
234
215
91
9
27
58
1
37
99
143
234
215
91
9
27
58
1
37
99
143
234
215
91
9
27
58
1
37
99
143
234
215
91
9
27
58
1
37
99
143
234
215
91
9
27
58
1
37
99
143
234
215
91
9
27
58
1
37
99
143
234
215
91
9
27
58
1
37
99
143
234
215
91
9
27
58
1
37
99
143
234
