11
108
75
2
17
115
111
113
53
57
11
108
75
2
17
115
111
113
53
57
11
108
75
2
17
115
111
113
53
57
11
108
75
2
17
115
111
113
53
57
11
108
75
2
17
115
111
113
53
57
11
108
75
2
17
115
111
113
53
57
11
108
75
2
17
115
111
113
53
57
11
108
75
2
17
115
111
113
53
57
11
108
75
2
17
115
111
113
53
57
11
108
75
2
17
115
111
113
53
57
11
108
75
2
17
115
111
113
53
57
11
108
75
2
17
115
111
113
53
57
11
108
75
2
17
115
111
113
53
57
11
108
75
2
17
115
111
113
53
57
11
108
75
2
17
115
111
113
53
57
11
108
75
2
17
115
111
113
53
57
11
108
75
2
17
115
111
113
53
57
11
108
75
2
17
115
111
113
53
57
11
108
75
2
17
115
111
113
53
57
11
108
75
2
17
115
111
113
53
57
11
108
75
2
17
115
111
113
53
57
11
108
75
2
17
115
111
113
53
57
11
108
75
2
17
115
111
113
53
57
11
108
75
2
17
115
111
113
53
57
11
108
75
2
17
115
111
113
53
57
11
108
75
2
17
115
111
113
53
57
11
108
75
2
17
115
111
113
53
57
11
108
75
2
17
115
111
113
53
57
11
108
75
2
17
115
111
113
53
57
11
108
75
2
17
115
111
113
53
57
11
108
75
2
17
115
111
113
53
57
11
108
75
2
17
115
111
113
53
57
11
108
75
2
17
115
111
113
53
57
11
108
75
2
17
115
111
113
53
57
11
108
75
2
17
115
111
113
53
57
11
108
75
2
17
115
111
113
53
57
11
108
75
2
17
115
111
113
53
57
11
108
75
2
17
115
111
113
53
57
11
108
75
2
17
115
111
113
53
57
11
108
75
2
17
115
111
113
53
57
11
108
75
2
17
115
111
113
53
57
11
108
75
2
17
115
111
113
53
57
11
108
75
2
17
115
111
113
53
57
11
108
75
2
17
115
111
113
53
57
11
108
75
2
17
115
111
113
53
57
11
108
75
2
17
115
111
113
53
57
11
108
75
2
17
115
111
113
53
57
11
108
75
2
17
115
111
113
53
57
11
108
75
2
17
115
111
113
53
57
11
108
75
2
17
115
111
113
53
57
