59
49
57
148
10
135
77
53
107
145
59
49
57
148
10
135
77
53
107
145
59
49
57
148
10
135
77
53
107
145
59
49
57
148
10
135
77
53
107
145
59
49
57
148
10
135
77
53
107
145
59
49
57
148
10
135
77
53
107
145
59
49
57
148
10
135
77
53
107
145
59
49
57
148
10
135
77
53
107
145
59
49
57
148
10
135
77
53
107
145
59
49
57
148
10
135
77
53
107
145
59
49
57
148
10
135
77
53
107
145
59
49
57
148
10
135
77
53
107
145
59
49
57
148
10
135
77
53
107
145
59
49
57
148
10
135
77
53
107
145
59
49
57
148
10
135
77
53
107
145
59
49
57
148
10
135
77
53
107
145
59
49
57
148
10
135
77
53
107
145
59
49
57
148
10
135
77
53
107
145
59
49
57
148
10
135
77
53
107
145
59
49
57
148
10
135
77
53
107
145
59
49
57
148
10
135
77
53
107
145
59
49
57
148
10
135
77
53
107
145
59
49
57
148
10
135
77
53
107
145
59
49
57
148
10
135
77
53
107
145
59
49
57
148
10
135
77
53
107
145
59
49
57
148
10
135
77
53
107
145
59
49
57
148
10
135
77
53
107
145
59
49
57
148
10
135
77
53
107
145
59
49
57
148
10
135
77
53
107
145
59
49
57
148
10
135
77
53
107
145
59
49
57
148
10
135
77
53
107
145
59
49
57
148
10
135
77
53
107
145
59
49
57
148
10
135
77
53
107
145
59
49
57
148
10
135
77
53
107
145
59
49
57
148
10
135
77
53
107
145
59
49
57
148
10
135
77
53
107
145
59
49
57
148
10
135
77
53
107
145
59
49
57
148
10
135
77
53
107
145
59
49
57
148
10
135
77
53
107
145
59
49
57
148
10
135
77
53
107
145
59
49
57
148
10
135
77
53
107
145
59
49
57
148
10
135
77
53
107
145
59
49
57
148
10
135
77
53
107
145
59
49
57
148
10
135
77
53
107
145
59
49
57
148
10
135
77
53
107
145
59
49
57
148
10
135
77
53
107
145
59
49
57
148
10
135
77
53
107
145
59
49
57
148
10
135
77
53
107
145
59
49
57
148
10
135
77
53
107
145
59
49
57
148
10
135
77
53
107
145
