27
90
13
183
12
129
11
246
243
41
27
90
13
183
12
129
11
246
243
41
27
90
13
183
12
129
11
246
243
41
27
90
13
183
12
129
11
246
243
41
27
90
13
183
12
129
11
246
243
41
27
90
13
183
12
129
11
246
243
41
27
90
13
183
12
129
11
246
243
41
27
90
13
183
12
129
11
246
243
41
27
90
13
183
12
129
11
246
243
41
27
90
13
183
12
129
11
246
243
41
27
90
13
183
12
129
11
246
243
41
27
90
13
183
12
129
11
246
243
41
27
90
13
183
12
129
11
246
243
41
27
90
13
183
12
129
11
246
243
41
27
90
13
183
12
129
11
246
243
41
27
90
13
183
12
129
11
246
243
41
27
90
13
183
12
129
11
246
243
41
27
90
13
183
12
129
11
246
243
41
27
90
13
183
12
129
11
246
243
41
27
90
13
183
12
129
11
246
243
41
27
90
13
183
12
129
11
246
243
41
27
90
13
183
12
129
11
246
243
41
27
90
13
183
12
129
11
246
243
41
27
90
13
183
12
129
11
246
243
41
27
90
13
183
12
129
11
246
243
41
27
90
13
183
12
129
11
246
243
41
27
90
13
183
12
129
11
246
243
41
27
90
13
183
12
129
11
246
243
41
27
90
13
183
12
129
11
246
243
41
27
90
13
183
12
129
11
246
243
41
27
90
13
183
12
129
11
246
243
41
27
90
13
183
12
129
11
246
243
41
27
90
13
183
12
129
11
246
243
41
27
90
13
183
12
129
11
246
243
41
27
90
13
183
12
129
11
246
243
41
27
90
13
183
12
129
11
246
243
41
27
90
13
183
12
129
11
246
243
41
27
90
13
183
12
129
11
246
243
41
27
90
13
183
12
129
11
246
243
41
27
90
13
183
12
129
11
246
243
41
27
90
13
183
12
129
11
246
243
41
27
90
13
183
12
129
11
246
243
41
27
90
13
183
12
129
11
246
243
41
27
90
13
183
12
129
11
246
243
41
27
90
13
183
12
129
11
246
243
41
27
90
13
183
12
129
11
246
243
41
27
90
13
183
12
129
11
246
243
41
27
90
13
183
12
129
11
246
243
41
27
90
13
183
12
129
11
246
243
41
27
90
13
183
12
129
11
246
243
41
