1
50
123
34
89
121
4
103
223
141
213
233
27
2
1
50
123
34
89
121
4
103
223
141
213
233
27
2
1
50
123
34
89
121
4
103
223
141
213
233
27
2
1
50
123
34
89
121
4
103
223
141
213
233
27
2
1
50
123
34
89
121
4
103
223
141
213
233
27
2
1
50
123
34
89
121
4
103
223
141
213
233
27
2
1
50
123
34
89
121
4
103
223
141
213
233
27
2
1
50
123
34
89
121
4
103
223
141
213
233
27
2
1
50
123
34
89
121
4
103
223
141
213
233
27
2
1
50
123
34
89
121
4
103
223
141
213
233
27
2
1
50
123
34
89
121
4
103
223
141
213
233
27
2
1
50
123
34
89
121
4
103
223
141
213
233
27
2
1
50
123
34
89
121
4
103
223
141
213
233
27
2
1
50
123
34
89
121
4
103
223
141
213
233
27
2
1
50
123
34
89
121
4
103
223
141
213
233
27
2
1
50
123
34
89
121
4
103
223
141
213
233
27
2
1
50
123
34
89
121
4
103
223
141
213
233
27
2
1
50
123
34
89
121
4
103
223
141
213
233
27
2
1
50
123
34
89
121
4
103
223
141
213
233
27
2
1
50
123
34
89
121
4
103
223
141
213
233
27
2
1
50
123
34
89
121
4
103
223
141
213
233
27
2
1
50
123
34
89
121
4
103
223
141
213
233
27
2
1
50
123
34
89
121
4
103
223
141
213
233
27
2
1
50
123
34
89
121
4
103
223
141
213
233
27
2
1
50
123
34
89
121
4
103
223
141
213
233
27
2
1
50
123
34
89
121
4
103
223
141
213
233
27
2
1
50
123
34
89
121
4
103
223
141
213
233
27
2
1
50
123
34
89
121
4
103
223
141
213
233
27
2
1
50
123
34
89
121
4
103
223
141
213
233
27
2
1
50
123
34
89
121
4
103
223
141
213
233
27
2
1
50
123
34
89
121
4
103
223
141
213
233
27
2
1
50
123
34
89
121
4
103
223
141
213
233
27
2
1
50
123
34
89
121
4
103
223
141
213
233
27
2
1
50
123
34
89
121
4
103
223
141
213
233
27
2
1
50
123
34
89
121
4
103
223
141
213
233
27
2
1
50
123
34
89
121
4
103
223
141
