35
0
1
40
8
35
0
1
40
8
35
0
1
40
8
35
0
1
40
8
35
0
1
40
8
35
0
1
40
8
35
0
1
40
8
35
0
1
40
8
35
0
1
40
8
35
0
1
40
8
35
0
1
40
8
35
0
1
40
8
35
0
1
40
8
35
0
1
40
8
35
0
1
40
8
35
0
1
40
8
35
0
1
40
8
35
0
1
40
8
35
0
1
40
8
35
0
1
40
8
35
0
1
40
8
35
0
1
40
8
35
0
1
40
8
35
0
1
40
8
35
0
1
40
8
35
0
1
40
8
35
0
1
40
8
35
0
1
40
8
35
0
1
40
8
35
0
1
40
8
35
0
1
40
8
35
0
1
40
8
35
0
1
40
8
35
0
1
40
8
35
0
1
40
8
35
0
1
40
8
35
0
1
40
8
35
0
1
40
8
35
0
1
40
8
35
0
1
40
8
35
0
1
40
8
35
0
1
40
8
35
0
1
40
8
35
0
1
40
8
35
0
1
40
8
35
0
1
40
8
35
0
1
40
8
35
0
1
40
8
35
0
1
40
8
35
0
1
40
8
