1
6
3
12
23
1
6
3
12
23
1
6
3
12
23
1
6
3
12
23
1
6
3
12
23
1
6
3
12
23
1
6
3
12
23
1
6
3
12
23
1
6
3
12
23
1
6
3
12
23
1
6
3
12
23
1
6
3
12
23
1
6
3
12
23
1
6
3
12
23
1
6
3
12
23
1
6
3
12
23
1
6
3
12
23
1
6
3
12
23
1
6
3
12
23
1
6
3
12
23
1
6
3
12
23
1
6
3
12
23
1
6
3
12
23
1
6
3
12
23
1
6
3
12
23
1
6
3
12
23
1
6
3
12
23
1
6
3
12
23
1
6
3
12
23
1
6
3
12
23
1
6
3
12
23
1
6
3
12
23
1
6
3
12
23
1
6
3
12
23
1
6
3
12
23
1
6
3
12
23
1
6
3
12
23
1
6
3
12
23
1
6
3
12
23
1
6
3
12
23
1
6
3
12
23
1
6
3
12
23
1
6
3
12
23
1
6
3
12
23
1
6
3
12
23
1
6
3
12
23
1
6
3
12
23
1
6
3
12
23
1
6
3
12
23
1
6
3
12
23
