13
30
23
33
43
30
23
33
41
13
23
33
40
43
41
43
33
30
23
41
13
33
41
30
43
13
43
30
23
21
23
51
41
21
30
13
40
30
21
51
30
23
21
41
33
13
30
23
43
33
13
23
51
43
30
23
51
33
40
43
13
30
51
41
23
30
23
21
40
43
21
51
41
23
13
30
33
43
41
23
13
30
23
21
41
30
23
33
40
41
13
21
40
30
23
30
23
43
13
33
30
23
21
41
13
13
41
51
23
30
21
51
40
33
30
30
33
43
41
13
13
30
23
40
43
30
23
21
43
13
23
40
51
33
13
13
43
41
30
23
30
40
51
43
33
13
30
40
23
51
21
40
43
41
23
40
23
51
43
41
13
30
23
21
51
21
43
41
23
33
41
13
23
33
51
13
23
43
30
51
21
41
13
23
33
30
21
51
40
13
41
13
30
33
23
30
41
13
23
43
13
40
43
23
51
13
30
43
23
51
13
30
40
41
21
40
43
33
21
51
13
30
43
40
41
30
41
23
33
21
30
43
13
23
33
30
33
13
23
21
30
33
21
40
41
13
33
43
41
40
