17
18
8
50
58
52
126
1
121
85
17
18
8
50
58
52
126
1
121
85
17
18
8
50
58
52
126
1
121
85
17
18
8
50
58
52
126
1
121
85
17
18
8
50
58
52
126
1
121
85
17
18
8
50
58
52
126
1
121
85
17
18
8
50
58
52
126
1
121
85
17
18
8
50
58
52
126
1
121
85
17
18
8
50
58
52
126
1
121
85
17
18
8
50
58
52
126
1
121
85
17
18
8
50
58
52
126
1
121
85
17
18
8
50
58
52
126
1
121
85
17
18
8
50
58
52
126
1
121
85
17
18
8
50
58
52
126
1
121
85
17
18
8
50
58
52
126
1
121
85
17
18
8
50
58
52
126
1
121
85
17
18
8
50
58
52
126
1
121
85
17
18
8
50
58
52
126
1
121
85
17
18
8
50
58
52
126
1
121
85
17
18
8
50
58
52
126
1
121
85
17
18
8
50
58
52
126
1
121
85
17
18
8
50
58
52
126
1
121
85
17
18
8
50
58
52
126
1
121
85
17
18
8
50
58
52
126
1
121
85
17
18
8
50
58
52
126
1
121
85
17
18
8
50
58
52
126
1
121
85
17
18
8
50
58
52
126
1
121
85
17
18
8
50
58
52
126
1
121
85
17
18
8
50
58
52
126
1
121
85
17
18
8
50
58
52
126
1
121
85
17
18
8
50
58
52
126
1
121
85
17
18
8
50
58
52
126
1
121
85
17
18
8
50
58
52
126
1
121
85
17
18
8
50
58
52
126
1
121
85
17
18
8
50
58
52
126
1
121
85
17
18
8
50
58
52
126
1
121
85
17
18
8
50
58
52
126
1
121
85
17
18
8
50
58
52
126
1
121
85
17
18
8
50
58
52
126
1
121
85
17
18
8
50
58
52
126
1
121
85
17
18
8
50
58
52
126
1
121
85
17
18
8
50
58
52
126
1
121
85
17
18
8
50
58
52
126
1
121
85
17
18
8
50
58
52
126
1
121
85
17
18
8
50
58
52
126
1
121
85
17
18
8
50
58
52
126
1
121
85
17
18
8
50
58
52
126
1
121
85
17
18
8
50
58
52
126
1
121
85
17
18
8
50
58
52
126
1
121
85
17
18
8
50
58
52
126
1
121
85
