5
90
63
49
81
43
140
88
41
64
142
90
49
170
108
81
91
43
209
88
171
25
143
113
108
80
140
50
40
86
171
84
144
49
80
209
185
41
111
101
171
84
5
143
144
113
23
92
46
140
142
5
144
81
146
92
50
84
90
49
171
25
113
170
23
108
81
146
92
217
171
84
90
63
49
81
92
209
46
45
142
171
25
143
23
81
146
91
50
109
171
143
63
170
23
146
91
92
185
217
25
90
144
63
170
23
108
146
43
185
143
90
49
81
146
140
223
88
111
195
171
25
90
87
113
108
81
92
43
217
171
84
5
25
90
87
91
92
43
80
171
84
143
90
209
46
217
96
41
64
84
92
80
209
185
50
41
111
101
176
5
113
63
108
209
109
266
167
144
49
5
90
144
170
23
108
146
43
46
45
84
144
49
81
92
209
45
88
64
40
142
171
5
87
113
63
49
81
91
43
142
5
113
170
146
43
80
209
88
50
90
113
49
91
43
140
45
217
64
109
142
5
90
113
63
23
92
43
209
46
142
84
113
49
81
146
92
46
140
45
142
143
49
23
108
81
80
46
185
217
84
25
87
108
146
91
46
140
45
111
142
84
87
81
91
80
46
96
50
41
84
90
81
43
80
46
185
45
195
167
142
5
144
49
170
108
91
43
80
46
142
84
5
25
63
108
81
96
40
143
84
5
143
144
113
63
91
43
140
41
25
87
108
43
209
96
64
167
142
84
171
25
113
63
170
23
108
91
140
223
171
5
25
49
91
80
209
46
185
45
142
170
23
146
185
238
40
266
66
143
142
63
108
81
217
96
176
66
171
143
171
143
87
144
170
23
80
46
50
238
171
84
143
90
144
170
23
209
140
50
25
144
170
23
91
80
185
96
64
101
113
63
49
80
45
50
111
238
109
128
142
171
25
143
113
63
170
23
81
80
171
90
63
49
170
23
140
185
45
223
142
143
140
88
109
128
66
5
25
87
171
84
25
144
113
108
81
91
185
45
171
90
170
108
146
140
217
96
195
40
84
113
63
146
91
80
140
217
88
96
25
143
90
87
113
170
91
92
223
50
25
113
81
92
140
96
101
128
266
142
142
84
5
25
90
49
108
80
140
223
25
143
90
63
23
81
146
43
80
41
