3
1
83
11
93
4
9
43
80
84
3
1
83
11
93
4
9
43
80
84
3
1
83
11
93
4
9
43
80
84
3
1
83
11
93
4
9
43
80
84
3
1
83
11
93
4
9
43
80
84
3
1
83
11
93
4
9
43
80
84
3
1
83
11
93
4
9
43
80
84
3
1
83
11
93
4
9
43
80
84
3
1
83
11
93
4
9
43
80
84
3
1
83
11
93
4
9
43
80
84
3
1
83
11
93
4
9
43
80
84
3
1
83
11
93
4
9
43
80
84
3
1
83
11
93
4
9
43
80
84
3
1
83
11
93
4
9
43
80
84
3
1
83
11
93
4
9
43
80
84
3
1
83
11
93
4
9
43
80
84
3
1
83
11
93
4
9
43
80
84
3
1
83
11
93
4
9
43
80
84
3
1
83
11
93
4
9
43
80
84
3
1
83
11
93
4
9
43
80
84
3
1
83
11
93
4
9
43
80
84
3
1
83
11
93
4
9
43
80
84
3
1
83
11
93
4
9
43
80
84
3
1
83
11
93
4
9
43
80
84
3
1
83
11
93
4
9
43
80
84
3
1
83
11
93
4
9
43
80
84
3
1
83
11
93
4
9
43
80
84
3
1
83
11
93
4
9
43
80
84
3
1
83
11
93
4
9
43
80
84
3
1
83
11
93
4
9
43
80
84
3
1
83
11
93
4
9
43
80
84
3
1
83
11
93
4
9
43
80
84
3
1
83
11
93
4
9
43
80
84
3
1
83
11
93
4
9
43
80
84
3
1
83
11
93
4
9
43
80
84
3
1
83
11
93
4
9
43
80
84
3
1
83
11
93
4
9
43
80
84
3
1
83
11
93
4
9
43
80
84
3
1
83
11
93
4
9
43
80
84
3
1
83
11
93
4
9
43
80
84
3
1
83
11
93
4
9
43
80
84
3
1
83
11
93
4
9
43
80
84
3
1
83
11
93
4
9
43
80
84
3
1
83
11
93
4
9
43
80
84
3
1
83
11
93
4
9
43
80
84
3
1
83
11
93
4
9
43
80
84
3
1
83
11
93
4
9
43
80
84
3
1
83
11
93
4
9
43
80
84
3
1
83
11
93
4
9
43
80
84
3
1
83
11
93
4
9
43
80
84
