18
6
54
20
84
18
6
54
20
84
18
6
54
20
84
18
6
54
20
84
18
6
54
20
84
18
6
54
20
84
18
6
54
20
84
18
6
54
20
84
18
6
54
20
84
18
6
54
20
84
18
6
54
20
84
18
6
54
20
84
18
6
54
20
84
18
6
54
20
84
18
6
54
20
84
18
6
54
20
84
18
6
54
20
84
18
6
54
20
84
18
6
54
20
84
18
6
54
20
84
18
6
54
20
84
18
6
54
20
84
18
6
54
20
84
18
6
54
20
84
18
6
54
20
84
18
6
54
20
84
18
6
54
20
84
18
6
54
20
84
18
6
54
20
84
18
6
54
20
84
18
6
54
20
84
18
6
54
20
84
18
6
54
20
84
18
6
54
20
84
18
6
54
20
84
18
6
54
20
84
18
6
54
20
84
18
6
54
20
84
18
6
54
20
84
18
6
54
20
84
18
6
54
20
84
18
6
54
20
84
18
6
54
20
84
18
6
54
20
84
18
6
54
20
84
18
6
54
20
84
18
6
54
20
84
18
6
54
20
84
18
6
54
20
84
18
6
54
20
84
2
