136
195
370
273
1139
639
487
676
186
652
136
175
1028
1139
109
520
106
265
448
116
136
370
273
93
155
478
851
444
915
378
136
195
76
273
109
448
400
326
194
443
76
458
78
444
400
562
787
1824
383
1233
273
140
478
487
444
88
326
378
1371
473
1028
93
109
140
106
353
78
286
265
676
136
273
265
444
116
400
186
232
443
1935
140
155
353
403
241
516
127
194
473
585
76
1139
93
109
56
286
116
802
1824
1233
76
106
78
639
186
4063
1935
240
215
562
195
370
140
478
353
639
265
676
1478
308
195
76
423
478
116
186
232
473
694
443
76
1028
109
286
448
487
116
403
127
1935
370
1139
155
487
116
88
127
378
74
308
458
423
353
286
516
127
400
326
4063
1478
734
458
478
106
265
241
240
562
787
274
370
1139
734
458
109
520
56
265
116
802
195
370
175
273
520
155
444
378
4063
232
136
195
175
734
478
851
78
487
378
232
195
370
76
175
273
1139
458
140
265
88
136
1139
93
109
353
851
78
286
802
676
195
76
1139
155
353
639
676
915
1371
652
370
423
520
140
155
444
676
241
88
490
136
1028
273
1139
109
140
155
56
448
516
136
370
520
478
106
353
851
286
487
88
76
78
286
127
326
186
74
443
566
528
370
76
273
109
423
520
78
639
444
116
136
1028
458
851
88
127
378
652
694
1935
370
76
478
116
915
1371
194
4063
1935
75
136
195
370
478
265
802
915
378
1371
652
734
93
140
851
487
915
127
652
4063
473
195
423
78
56
639
326
378
652
694
443
136
273
1139
155
448
378
74
443
308
1138
136
273
734
56
448
444
516
378
4063
585
370
1028
458
155
106
448
444
403
652
694
520
478
851
56
802
326
74
215
528
430
370
1139
109
851
448
88
127
490
326
473
458
106
851
639
448
326
378
1371
473
300
175
273
93
78
444
88
490
1371
186
194
1028
520
56
448
116
915
585
787
274
345
76
1028
140
106
403
915
378
652
4063
694
273
93
423
520
106
265
116
802
241
88
136
175
458
520
140
851
56
286
403
516
423
520
155
353
851
78
265
116
403
88
1139
423
106
448
487
116
88
443
75
1216
136
195
175
273
520
140
78
56
444
403
273
734
93
109
851
56
802
676
516
490
273
93
109
520
155
286
487
88
443
562
136
195
370
1028
140
444
116
88
232
300
