136
76
273
93
109
188
481
490
240
1371
273
1028
1139
194
481
75
240
652
342
925
851
188
232
1138
116
490
240
489
929
1566
370
155
109
851
458
232
116
194
490
240
1139
851
639
116
75
89
2323
186
195
136
136
273
109
676
802
939
416
78
1672
215
1028
1139
109
676
458
487
89
56
264
195
195
136
1139
232
481
489
2323
83
186
264
370
444
490
1672
215
264
195
136
76
273
76
1139
93
851
676
915
802
416
75
1672
155
378
639
1371
925
127
195
136
76
273
136
76
273
370
155
939
1138
490
240
342
136
93
378
109
188
802
639
194
75
1672
195
76
1139
155
378
109
851
444
194
481
136
1028
490
75
215
925
489
195
76
273
273
155
676
939
232
116
481
78
490
75
195
1028
109
676
458
639
116
78
490
75
136
76
1028
155
639
939
1138
487
489
929
76
273
370
155
109
458
639
444
75
652
195
136
273
378
915
232
925
89
1202
56
1028
1139
93
188
676
639
939
444
215
89
1139
93
378
458
232
1138
116
481
75
342
155
851
188
915
444
240
342
925
89
823
195
1028
378
1371
89
136
76
273
370
1139
136
273
155
915
802
215
89
489
195
76
116
240
1672
652
925
89
127
195
136
76
195
1139
93
458
1138
116
481
490
1202
2323
76
481
75
240
342
83
694
195
136
273
1139
155
915
639
1138
240
1672
2323
56
195
109
676
915
639
232
1138
444
116
490
127
195
76
93
851
639
939
232
116
481
75
1028
851
215
925
83
186
1566
195
136
76
370
232
1138
444
78
490
2323
83
56
1566
1028
370
93
78
75
823
694
195
136
76
195
136
155
109
851
639
78
75
1371
925
1028
155
378
109
116
652
56
264
1566
127
195
93
155
802
1138
652
342
83
56
929
195
273
370
915
802
75
215
186
264
929
273
1028
155
378
481
342
487
2323
83
694
273
1028
1139
93
378
188
802
458
232
444
1028
188
915
802
481
78
490
240
342
823
136
273
1028
378
109
639
116
925
1202
83
195
76
273
188
915
639
416
490
75
240
136
76
273
370
93
378
939
232
444
116
851
939
342
487
89
264
1566
195
136
76
136
76
1139
93
639
232
1138
481
89
83
1139
676
1138
1672
342
925
83
195
136
76
195
136
273
1028
370
194
75
487
76
1139
195
109
939
116
481
78
487
1202
83
264
1028
378
116
194
481
487
925
2323
1566
127
