145
202
437
254
119
116
252
62
473
296
136
301
194
115
24
147
132
85
100
323
145
254
505
53
140
475
473
299
147
250
191
35
85
397
269
323
150
2
82
336
188
256
119
116
211
296
194
24
297
361
335
132
56
85
100
323
336
477
479
255
145
188
437
474
53
140
62
25
299
115
24
377
323
104
318
477
479
203
398
65
188
437
474
505
251
211
296
365
299
100
313
104
261
326
255
483
262
316
199
259
145
119
116
333
136
194
16
250
361
313
323
150
104
255
483
55
257
203
262
315
145
256
505
116
140
62
473
297
147
361
335
56
100
148
397
313
28
336
483
262
202
256
119
53
62
194
115
24
147
250
35
56
397
326
83
477
257
58
203
398
145
256
437
254
475
194
115
361
313
323
150
104
326
316
259
202
188
119
29
252
145
437
505
53
251
475
473
194
463
335
148
313
336
58
398
262
124
315
65
317
145
188
254
474
62
25
296
301
11
297
250
361
100
326
28
306
58
203
398
65
145
202
437
254
119
25
303
136
11
194
463
297
250
191
361
377
85
313
269
2
437
254
119
505
116
251
136
299
194
463
132
150
104
255
295
55
262
315
317
145
202
116
25
303
136
11
463
35
56
100
313
323
326
336
55
262
315
490
199
26
188
256
254
29
252
62
211
473
136
301
365
297
191
132
35
56
313
326
318
483
145
202
474
140
251
296
299
194
463
24
297
191
132
56
104
28
318
477
295
483
256
254
119
505
116
251
211
473
299
115
250
191
335
85
100
313
261
142
326
83
256
254
53
29
251
475
62
25
296
136
115
297
16
250
335
56
85
397
150
104
202
256
437
119
505
251
211
299
463
24
297
250
361
335
35
85
397
269
104
318
145
256
53
252
333
24
297
16
335
56
100
313
261
28
318
336
483
306
398
490
29
252
475
333
296
136
11
299
115
297
16
147
191
361
397
323
2
326
479
55
145
505
252
25
136
191
361
132
85
269
323
261
82
318
479
295
55
315
368
141
202
188
53
251
25
303
136
463
24
297
16
250
85
269
323
150
142
326
28
483
202
256
251
475
211
333
299
194
16
147
361
335
323
82
326
295
483
55
203
315
256
437
474
116
29
251
211
296
11
299
194
24
297
191
361
335
132
56
100
269
145
202
437
254
119
303
333
365
313
142
83
28
479
255
55
398
262
315
65
317
437
254
119
505
62
25
303
301
115
335
85
397
2
142
28
295
55
257
58
317
145
254
119
251
136
365
194
24
147
132
56
85
100
397
269
323
82
326
28
336
202
188
437
254
252
475
25
303
136
301
365
463
115
250
132
35
56
377
85
100
188
437
254
119
505
29
463
115
297
250
335
100
269
323
2
326
83
483
306
203
145
188
256
437
252
475
62
211
333
296
299
16
250
191
361
132
377
85
100
148
202
188
53
116
475
62
333
296
365
299
194
24
191
361
56
85
148
82
83
318
202
474
116
25
303
136
365
11
297
35
56
85
100
397
269
323
2
82
83
295
188
254
505
251
473
333
296
136
365
194
115
147
191
132
100
261
55
203
124
65
188
119
505
116
29
62
463
297
191
132
56
269
261
82
295
483
262
124
316
368
437
140
29
251
252
211
25
333
301
194
463
250
56
85
148
150
2
104
261
28
53
116
251
252
473
136
11
194
191
56
100
269
150
82
83
318
255
295
306
257
437
474
140
211
25
333
296
365
11
299
463
297
35
100
397
2
104
142
318
479
145
202
256
437
254
505
116
140
25
473
299
115
191
335
132
56
100
397
269
323
145
188
256
437
474
53
116
29
475
62
11
299
194
16
191
361
35
100
148
313
145
202
188
437
254
53
116
251
333
296
11
297
335
104
142
326
28
318
306
55
202
140
333
136
301
11
299
24
147
191
335
148
397
269
104
82
58
199
368
145
145
119
29
252
25
473
303
333
24
297
191
335
35
85
323
368
26
533
437
254
145
202
29
211
296
301
132
35
56
377
85
148
397
269
104
336
479
295
483
55
254
29
251
252
475
333
301
11
299
297
361
35
85
313
150
2
104
142
477
479
145
188
437
119
505
53
140
29
475
211
299
463
16
191
132
35
377
85
269
150
145
256
140
252
473
333
296
365
11
463
377
82
28
483
257
58
249
65
368
539
202
505
473
365
115
132
56
377
323
150
261
82
336
295
55
257
65
317
309
141
202
188
254
474
505
53
140
62
211
333
296
136
365
299
194
297
35
269
483
398
188
119
53
140
251
333
301
365
11
194
463
35
377
150
83
336
479
257
203
317
