89
95
279
1
25
140
28
85
168
360
88
30
100
161
235
16
155
208
102
346
89
20
99
236
85
166
8
168
214
245
9
100
276
223
436
145
346
32
68
226
95
20
166
209
201
8
360
351
9
363
26
100
223
83
16
355
346
162
68
82
1
13
206
251
85
166
177
351
22
363
26
30
161
223
155
355
436
145
102
198
95
279
1
13
206
85
209
142
201
168
308
26
100
271
83
355
346
82
226
199
95
1
20
206
203
142
177
201
168
360
308
245
363
161
24
83
155
306
525
14
95
25
27
206
140
28
203
209
168
245
9
271
276
235
155
436
208
447
284
479
89
13
140
18
224
360
88
245
9
100
271
208
145
346
32
68
184
348
183
316
1
25
20
98
28
209
253
22
88
26
161
83
355
93
447
82
226
225
316
92
89
20
13
99
206
251
142
177
253
308
22
9
276
447
525
284
348
92
103
27
89
95
20
99
140
251
236
18
177
308
30
24
235
223
355
32
82
525
198
349
28
251
203
209
142
8
168
360
214
22
363
65
276
223
16
230
346
162
184
198
279
25
98
251
236
142
177
253
8
168
360
214
308
22
363
100
276
223
16
173
95
1
20
27
206
236
177
201
8
168
351
22
88
65
276
355
208
93
145
195
95
1
28
251
236
166
177
224
201
351
308
88
9
26
30
100
65
355
93
145
1
20
206
98
28
251
85
166
177
351
26
161
276
235
83
230
208
145
102
447
1
25
13
27
140
28
224
253
8
168
308
363
30
271
223
355
230
184
284
198
279
1
25
13
99
206
140
18
224
253
360
214
308
22
245
26
235
155
346
162
25
13
99
206
28
251
253
9
65
271
276
235
223
83
145
102
82
348
183
485
95
1
27
140
98
28
251
236
203
177
168
214
308
276
83
155
230
346
32
284
279
25
20
99
28
166
224
22
9
65
161
355
230
447
162
32
226
14
225
182
279
20
206
98
236
168
308
245
26
271
355
230
93
145
162
32
184
226
284
199
279
99
27
140
28
236
18
360
214
308
245
363
30
161
223
355
93
306
226
198
95
279
25
20
13
99
28
236
203
209
201
168
351
9
26
100
276
223
83
355
1
13
27
166
142
161
271
24
223
83
16
173
447
32
184
226
183
388
101
279
95
25
13
206
28
236
203
253
8
245
65
161
24
235
83
145
102
195
32
68
95
279
13
140
177
22
88
26
65
161
83
230
208
93
173
306
346
14
94
302
13
85
18
142
224
168
245
363
65
276
155
355
230
162
32
199
348
349
94
479
25
99
206
140
98
251
236
203
85
166
209
253
8
351
26
100
271
24
436
208
1
25
20
166
18
177
253
360
351
214
88
245
26
65
235
223
16
155
230
173
89
95
279
1
140
98
28
203
166
18
209
253
22
223
16
208
93
145
102
32
89
95
1
13
99
27
140
251
203
18
142
8
168
351
22
88
245
26
161
436
89
95
279
27
206
140
236
166
209
224
253
8
360
83
16
208
195
447
198
374
89
206
28
251
360
214
308
88
155
355
145
195
68
184
525
14
349
101
103
85
1
99
18
253
8
308
26
100
436
195
346
447
32
68
226
198
374
14
348
349
95
279
13
206
98
28
85
177
351
88
100
65
24
208
173
346
447
184
198
199
89
95
13
98
203
85
18
209
360
214
88
100
276
93
102
306
162
82
14
479
27
206
140
236
85
18
209
142
177
224
360
351
88
245
9
363
100
16
155
436
25
13
99
140
98
203
85
166
18
177
224
253
8
22
100
161
16
155
230
93
89
99
206
140
28
236
166
142
8
351
214
26
30
276
24
235
223
306
346
32
279
25
98
166
253
308
22
26
100
355
436
306
447
82
348
183
485
388
316
101
25
177
168
351
214
9
363
271
355
173
447
374
349
485
388
101
279
236
85
201
89
95
279
99
18
209
224
168
360
308
245
161
145
184
525
199
349
94
302
20
95
1
236
209
224
168
360
214
30
100
271
83
355
145
195
32
68
198
94
5
89
1
25
28
203
18
142
177
253
351
214
88
363
26
30
276
16
355
230
102
89
279
20
13
99
27
251
203
209
168
308
9
30
230
208
145
195
32
68
82
206
251
85
18
8
360
214
245
30
100
223
16
155
93
145
173
306
32
68
82
1
27
206
203
142
351
22
245
26
30
65
161
24
83
355
230
436
102
447
32
27
140
203
166
18
209
224
253
351
22
245
26
100
83
155
93
145
68
82
199
89
95
1
20
206
140
28
251
18
177
168
360
351
214
308
65
276
223
355
436
