140
136
175
188
353
499
592
802
516
78
314
225
213
470
1076
1528
446
127
335
562
195
175
370
526
336
588
273
232
400
639
823
1528
672
446
804
525
1320
645
723
140
416
458
195
734
353
255
588
213
452
215
480
575
180
925
367
1320
1330
723
140
136
734
255
478
802
516
1139
355
400
452
549
215
575
234
438
446
925
95
815
473
1320
140
292
478
526
588
78
423
265
452
823
234
1076
613
3237
192
398
416
136
76
241
652
370
566
499
802
516
243
639
1528
335
95
815
525
1935
645
664
404
565
140
416
140
188
233
1139
232
355
423
225
243
215
438
446
186
539
95
804
443
473
1320
404
241
188
734
353
233
299
588
273
355
213
586
438
672
127
585
443
343
398
565
723
140
136
292
76
175
734
353
566
72
592
273
423
265
215
1528
925
562
593
653
3237
140
416
76
458
195
175
383
188
652
233
516
1139
314
851
243
448
525
1297
645
136
140
136
734
478
499
592
336
1139
588
423
106
549
1528
504
585
593
367
563
404
565
136
652
353
566
72
588
232
355
423
265
851
243
639
213
452
823
215
470
1076
481
292
241
188
520
566
588
273
265
225
639
549
234
585
593
525
140
416
136
76
458
76
195
188
734
499
72
516
232
400
639
452
448
215
438
585
473
653
645
404
140
370
233
566
526
1139
78
423
243
446
335
95
613
443
343
88
404
462
551
140
416
416
292
241
175
520
499
802
588
78
106
639
549
186
335
613
815
1935
551
140
136
76
175
188
652
353
516
355
146
586
470
575
180
186
562
367
1935
664
88
192
398
416
188
1028
1139
588
273
851
549
823
539
585
95
613
653
1330
551
140
136
292
76
416
136
195
188
652
499
314
586
549
504
127
539
593
462
723
140
292
76
241
458
140
416
76
241
255
478
566
299
1139
273
314
265
225
243
639
213
549
448
1528
672
140
136
292
241
383
255
526
72
802
336
588
78
232
265
213
234
335
593
815
367
140
458
195
383
353
370
1028
592
1139
588
851
1528
186
335
481
815
525
473
1297
416
292
76
458
175
652
566
78
314
225
243
452
823
446
530
504
539
471
443
192
565
416
136
241
458
652
353
370
233
566
499
72
299
802
336
232
400
265
452
448
234
292
76
241
353
520
478
526
592
336
273
423
106
146
448
215
470
234
1528
672
127
292
76
520
299
592
314
423
106
146
180
446
504
539
613
3237
664
462
140
416
136
292
76
233
299
423
106
213
586
448
672
481
593
471
3237
1935
1297
1330
551
140
416
140
416
292
458
566
72
802
1139
273
400
265
480
1076
504
335
539
95
3237
1935
398
416
76
241
458
175
652
734
566
516
470
925
562
815
343
653
1320
664
192
565
1330
416
241
175
520
1028
314
851
452
180
672
446
186
127
539
562
95
593
645
664
404
76
175
734
370
255
566
72
516
273
823
234
438
672
335
539
613
563
1935
398
565
416
136
383
188
520
566
1139
423
470
1076
438
1528
562
471
613
815
367
3237
645
398
353
255
478
233
1028
526
802
588
243
452
823
448
95
593
525
645
565
551
140
416
140
416
241
458
175
383
499
1028
78
232
355
400
146
823
470
925
127
335
471
1320
136
195
353
478
72
299
592
336
78
232
106
213
470
585
525
140
416
292
76
241
416
136
292
241
458
195
652
734
255
566
526
588
78
314
355
639
452
530
186
443
458
355
639
586
823
1076
504
127
343
1320
664
88
192
140
416
136
292
76
241
195
416
458
195
353
520
255
478
1139
314
400
146
575
234
180
504
562
815
343
653
1297
241
353
478
499
851
243
549
215
438
672
446
1935
398
140
416
136
292
76
458
195
292
241
592
516
336
273
225
106
639
549
446
925
186
481
562
95
525
664
462
140
416
136
76
241
478
1028
526
802
1139
273
78
232
423
225
180
127
562
95
443
653
140
416
136
458
478
526
299
336
1139
78
232
355
400
452
549
234
1076
438
446
186
140
292
76
195
478
566
526
314
423
146
452
448
234
438
446
186
481
95
593
613
140
416
136
241
353
526
423
851
586
470
480
575
438
1528
672
186
562
471
613
664
136
292
175
734
353
520
370
233
566
526
1139
273
355
549
448
215
470
234
446
504
136
383
370
1139
273
213
549
1076
1297
565
140
416
292
76
241
458
195
175
188
652
140
383
370
255
478
1028
336
232
146
586
1076
530
335
481
593
804
367
653
3237
565
416
136
292
76
195
175
383
255
478
516
78
106
213
146
452
470
234
1076
1528
481
140
416
458
520
1028
526
802
265
225
639
213
146
452
1076
438
530
539
593
471
443
416
136
76
175
652
370
255
526
592
336
1139
423
851
225
448
470
575
672
530
95
