5
30
19
53
42
5
30
19
53
42
5
30
19
53
42
5
30
19
53
42
5
30
19
53
42
5
30
19
53
42
5
30
19
53
42
5
30
19
53
42
5
30
19
53
42
5
30
19
53
42
5
30
19
53
42
5
30
19
53
42
5
30
19
53
42
5
30
19
53
42
5
30
19
53
42
5
30
19
53
42
5
30
19
53
42
5
30
19
53
42
5
30
19
53
42
5
30
19
53
42
5
30
19
53
42
5
30
19
53
42
5
30
19
53
42
5
30
19
53
42
5
30
19
53
42
5
30
19
53
42
5
30
19
53
42
5
30
19
53
42
5
30
19
53
42
5
30
19
53
42
5
30
19
53
42
5
30
19
53
42
5
30
19
53
42
5
30
19
53
42
5
30
19
53
42
5
30
19
53
42
5
30
19
53
42
5
30
19
53
42
5
30
19
53
42
5
30
19
53
42
5
30
19
53
42
5
30
19
53
42
5
30
19
53
42
5
30
19
53
42
5
30
19
53
42
5
30
19
53
42
5
30
19
53
42
5
30
19
53
42
5
30
19
53
42
5
30
19
53
42
