2
10
17
33
9
2
10
17
33
9
2
10
17
33
9
2
10
17
33
9
2
10
17
33
9
2
10
17
33
9
2
10
17
33
9
2
10
17
33
9
2
10
17
33
9
2
10
17
33
9
2
10
17
33
9
2
10
17
33
9
2
10
17
33
9
2
10
17
33
9
2
10
17
33
9
2
10
17
33
9
2
10
17
33
9
2
10
17
33
9
2
10
17
33
9
2
10
17
33
9
2
10
17
33
9
2
10
17
33
9
2
10
17
33
9
2
10
17
33
9
2
10
17
33
9
2
10
17
33
9
2
10
17
33
9
2
10
17
33
9
2
10
17
33
9
2
10
17
33
9
2
10
17
33
9
2
10
17
33
9
2
10
17
33
9
2
10
17
33
9
2
10
17
33
9
2
10
17
33
9
2
10
17
33
9
2
10
17
33
9
2
10
17
33
9
2
10
17
33
9
2
10
17
33
9
2
10
17
33
9
2
10
17
33
9
2
10
17
33
9
2
10
17
33
9
2
10
17
33
9
2
10
17
33
9
2
10
17
33
9
2
10
17
33
9
2
10
17
33
9
