8
19
55
14
116
53
301
289
9
119
8
19
55
14
116
53
301
289
9
119
8
19
55
14
116
53
301
289
9
119
8
19
55
14
116
53
301
289
9
119
8
19
55
14
116
53
301
289
9
119
8
19
55
14
116
53
301
289
9
119
8
19
55
14
116
53
301
289
9
119
8
19
55
14
116
53
301
289
9
119
8
19
55
14
116
53
301
289
9
119
8
19
55
14
116
53
301
289
9
119
8
19
55
14
116
53
301
289
9
119
8
19
55
14
116
53
301
289
9
119
8
19
55
14
116
53
301
289
9
119
8
19
55
14
116
53
301
289
9
119
8
19
55
14
116
53
301
289
9
119
8
19
55
14
116
53
301
289
9
119
8
19
55
14
116
53
301
289
9
119
8
19
55
14
116
53
301
289
9
119
8
19
55
14
116
53
301
289
9
119
8
19
55
14
116
53
301
289
9
119
8
19
55
14
116
53
301
289
9
119
8
19
55
14
116
53
301
289
9
119
8
19
55
14
116
53
301
289
9
119
8
19
55
14
116
53
301
289
9
119
8
19
55
14
116
53
301
289
9
119
8
19
55
14
116
53
301
289
9
119
8
19
55
14
116
53
301
289
9
119
8
19
55
14
116
53
301
289
9
119
8
19
55
14
116
53
301
289
9
119
8
19
55
14
116
53
301
289
9
119
8
19
55
14
116
53
301
289
9
119
8
19
55
14
116
53
301
289
9
119
8
19
55
14
116
53
301
289
9
119
8
19
55
14
116
53
301
289
9
119
8
19
55
14
116
53
301
289
9
119
8
19
55
14
116
53
301
289
9
119
8
19
55
14
116
53
301
289
9
119
8
19
55
14
116
53
301
289
9
119
8
19
55
14
116
53
301
289
9
119
8
19
55
14
116
53
301
289
9
119
8
19
55
14
116
53
301
289
9
119
8
19
55
14
116
53
301
289
9
119
8
19
55
14
116
53
301
289
9
119
8
19
55
14
116
53
301
289
9
119
8
19
55
14
116
53
301
289
9
119
8
19
55
14
116
53
301
289
9
119
8
19
55
14
116
53
301
289
9
119
8
19
55
14
116
53
301
289
9
119
8
19
55
14
116
53
301
289
9
119
8
19
55
14
116
53
301
289
9
119
