195
292
213
652
566
823
106
530
585
367
136
140
3161
370
1028
241
353
444
93
286
76
1824
241
520
647
106
265
2947
2637
155
416
443
175
1028
134
802
106
265
2947
155
140
292
273
458
520
652
639
499
530
586
76
292
416
273
458
478
127
588
647
423
76
195
292
213
241
652
802
588
4755
528
76
443
3161
1028
458
478
127
134
516
647
136
416
443
175
1028
241
444
851
823
516
195
292
1028
353
802
516
588
4755
72
2947
136
1028
734
478
639
72
423
528
383
232
76
140
416
443
175
273
734
458
1139
241
76
520
106
215
526
586
88
255
308
525
136
195
3161
1028
273
1139
520
134
647
3311
292
213
1028
652
802
851
78
72
265
528
136
195
140
3161
1139
241
520
353
802
823
213
1824
444
134
516
588
639
78
72
106
76
370
734
652
188
353
478
823
499
155
136
292
416
175
1028
734
520
353
478
823
136
3161
273
520
353
478
134
3311
78
232
1028
1824
734
458
520
444
478
127
134
647
292
416
370
188
353
444
127
802
516
265
443
3161
213
478
823
516
265
2637
243
286
76
292
1139
241
652
566
823
647
2637
592
1028
1824
734
458
1139
802
528
2637
155
300
136
76
292
443
370
1028
478
588
647
499
136
1824
647
3311
499
265
423
528
2947
400
76
140
443
370
213
458
353
802
647
639
136
76
140
292
370
213
1139
444
478
134
76
1028
734
478
588
528
155
586
452
549
292
443
370
734
478
134
851
72
106
215
136
3161
175
273
1824
458
93
2637
530
480
76
292
443
1824
734
520
353
588
647
93
136
213
458
652
127
134
851
3311
639
72
443
273
1824
734
241
652
802
851
3311
528
1028
241
353
588
4755
423
215
400
526
300
458
566
588
72
106
2947
383
299
355
1935
76
292
3161
213
1028
1824
458
1139
520
444
416
3161
370
1824
458
478
127
851
516
78
195
213
1824
444
566
823
72
499
106
265
416
443
370
1824
241
520
188
478
2947
383
195
273
516
639
106
423
2947
383
155
5237
136
76
370
734
1139
241
520
353
823
516
140
443
3161
370
213
273
1824
1139
478
78
370
213
1139
241
188
127
566
851
823
3311
76
416
443
1028
273
734
444
639
106
2947
76
292
416
370
1824
458
516
588
639
78
136
292
416
175
1824
734
188
647
3311
78
136
195
734
458
241
566
823
647
3311
232
136
140
175
1824
241
444
134
383
243
586
