195
1028
416
1139
292
802
823
155
400
265
195
273
370
175
1139
292
823
652
1935
676
195
370
353
802
516
481
588
56
452
487
458
175
292
851
134
241
232
652
109
499
195
76
1139
802
106
241
155
400
915
326
76
175
1139
734
478
823
448
215
1061
452
195
458
188
734
478
140
155
74
588
186
195
136
370
1028
175
802
639
155
566
481
195
458
353
140
106
823
481
232
499
1061
93
423
516
823
400
88
232
265
1824
215
136
76
188
478
241
823
448
265
499
127
1028
1139
93
520
353
802
823
1935
676
487
273
416
175
734
93
478
851
802
423
639
416
734
520
802
286
106
639
232
652
378
155
88
448
452
95
240
1672
925
581
939
195
188
106
155
88
74
127
326
95
240
136
370
458
1028
292
106
639
88
232
588
195
136
273
1028
175
134
286
516
400
88
370
458
416
1139
353
140
802
286
155
232
370
292
802
155
88
481
915
215
443
452
76
273
370
188
520
516
823
88
215
186
136
273
444
639
516
652
109
74
452
490
136
273
140
286
423
88
78
186
326
490
76
1139
734
106
241
155
481
74
186
452
76
273
370
292
478
353
155
481
232
448
136
458
175
520
106
823
232
652
915
74
1028
134
286
423
588
186
490
473
780
90
195
136
273
292
93
134
802
106
823
400
1028
444
802
286
516
241
400
481
652
109
195
370
458
416
292
478
520
444
423
241
76
416
1139
292
188
478
520
353
802
423
76
273
1028
734
134
140
106
423
516
241
1028
106
241
232
74
127
403
539
240
694
76
1028
1139
734
478
286
106
78
1824
452
195
136
1139
520
444
106
155
78
481
232
273
458
478
353
134
639
400
232
652
109
175
478
353
448
1824
186
378
443
490
300
195
273
1028
188
734
134
423
516
566
915
195
458
416
734
140
516
823
448
109
265
195
1028
520
802
588
1935
215
676
213
528
136
458
188
851
134
802
241
566
448
915
76
370
416
175
292
520
353
155
400
232
76
273
458
416
478
286
516
823
481
326
458
292
734
520
823
155
213
443
116
75
76
370
416
175
292
106
423
639
241
155
1028
1139
286
78
109
915
1824
127
676
56
458
134
516
155
400
652
1824
127
1935
378
370
175
1139
851
353
286
823
155
109
1935
175
516
265
499
1672
3161
913
194
1076
90
195
136
734
93
478
851
106
639
400
652
