131
137
38
80
261
354
330
187
167
128
131
137
38
80
261
354
330
187
167
128
131
137
38
80
261
354
330
187
167
128
131
137
38
80
261
354
330
187
167
128
131
137
38
80
261
354
330
187
167
128
131
137
38
80
261
354
330
187
167
128
131
137
38
80
261
354
330
187
167
128
131
137
38
80
261
354
330
187
167
128
131
137
38
80
261
354
330
187
167
128
131
137
38
80
261
354
330
187
167
128
131
137
38
80
261
354
330
187
167
128
131
137
38
80
261
354
330
187
167
128
131
137
38
80
261
354
330
187
167
128
131
137
38
80
261
354
330
187
167
128
131
137
38
80
261
354
330
187
167
128
131
137
38
80
261
354
330
187
167
128
131
137
38
80
261
354
330
187
167
128
131
137
38
80
261
354
330
187
167
128
131
137
38
80
261
354
330
187
167
128
131
137
38
80
261
354
330
187
167
128
131
137
38
80
261
354
330
187
167
128
131
137
38
80
261
354
330
187
167
128
131
137
38
80
261
354
330
187
167
128
131
137
38
80
261
354
330
187
167
128
131
137
38
80
261
354
330
187
167
128
131
137
38
80
261
354
330
187
167
128
131
137
38
80
261
354
330
187
167
128
131
137
38
80
261
354
330
187
167
128
131
137
38
80
261
354
330
187
167
128
131
137
38
80
261
354
330
187
167
128
131
137
38
80
261
354
330
187
167
128
131
137
38
80
261
354
330
187
167
128
131
137
38
80
261
354
330
187
167
128
131
137
38
80
261
354
330
187
167
128
131
137
38
80
261
354
330
187
167
128
131
137
38
80
261
354
330
187
167
128
131
137
38
80
261
354
330
187
167
128
131
137
38
80
261
354
330
187
167
128
131
137
38
80
261
354
330
187
167
128
131
137
38
80
261
354
330
187
167
128
131
137
38
80
261
354
330
187
167
128
131
137
38
80
261
354
330
187
167
128
131
137
38
80
261
354
330
187
167
128
131
137
38
80
261
354
330
187
167
128
131
137
38
80
261
354
330
187
167
128
131
137
38
80
261
354
330
187
167
128
131
137
38
80
261
354
330
187
167
128
131
137
38
80
261
354
330
187
167
128
131
137
38
80
261
354
330
187
167
128
131
137
38
80
261
354
330
187
167
128
