187
189
207
293
67
74
492
123
178
157
187
313
158
207
58
283
74
492
454
170
313
158
293
48
22
78
130
125
195
161
48
130
123
454
178
211
396
138
381
304
48
492
123
183
369
392
179
126
396
1
189
313
158
48
67
183
454
242
170
406
187
189
58
48
240
78
454
242
170
392
187
189
58
240
492
308
183
369
157
161
158
207
58
48
240
239
22
78
234
125
313
48
283
78
234
245
242
393
494
128
313
158
293
74
78
245
170
494
161
251
187
231
158
58
293
140
48
240
78
130
231
158
67
22
308
494
392
178
126
128
313
58
140
283
78
234
123
125
245
406
187
58
22
234
369
195
128
211
304
46
189
313
58
293
140
74
123
125
242
170
48
240
283
22
78
234
170
393
406
178
187
189
67
283
239
22
234
492
245
170
158
58
240
67
74
239
22
78
234
308
189
313
58
48
240
245
454
242
170
406
187
231
158
58
140
67
283
78
492
123
189
207
48
240
22
78
125
242
170
195
207
58
140
67
239
78
234
130
123
308
187
231
158
48
240
308
242
393
80
121
187
158
207
293
283
130
183
242
369
406
187
189
231
140
283
492
245
454
369
393
189
231
313
140
239
22
492
245
170
160
189
313
158
207
140
240
22
492
308
125
67
234
130
123
454
170
369
393
494
80
48
67
123
170
369
157
128
405
396
557
189
231
313
240
67
74
492
454
242
179
231
240
67
74
78
130
492
123
308
183
158
293
48
240
283
74
123
308
183
125
58
140
48
283
239
22
234
123
308
245
189
313
207
240
283
74
123
170
393
406
187
207
58
74
239
22
308
80
195
126
189
158
207
58
293
140
67
283
74
22
187
189
313
293
67
74
239
183
125
393
158
58
293
130
454
393
494
178
179
126
158
207
58
48
78
492
123
125
245
454
187
189
313
158
58
140
67
283
239
492
313
207
140
78
130
308
183
125
242
494
158
140
240
78
234
130
123
183
454
393
189
67
239
130
123
308
183
454
242
369
189
293
48
240
67
78
130
123
308
183
187
313
293
239
22
492
123
454
242
393
187
189
58
240
67
74
130
123
183
454
207
22
130
494
160
80
195
161
3
396
187
293
140
240
67
74
78
308
454
406
189
313
58
74
78
123
494
178
80
161
