2483
2852
8560
5685
46363
6604
265
15338
1067
421
1501
6581
3115
3407
4809
2541
2517
2519
4982
1283
3482
5383
226
2553
1835
342
5520
1531
8560
5685
3457
188
1129
2362
1509
2378
1501
2500
5347
6631
195
37
5453
8960
601
2880
5652
5211
516
413
217
46363
5925
6295
15338
408
2820
2362
1501
1632
2494
2483
2553
601
2852
516
5403
8560
5395
5685
2949
5588
1884
5653
253
2820
33810
2500
2506
2103
4826
3482
2553
5453
8960
5652
5102
413
1723
5395
1651
5828
5925
6604
33810
2506
7967
11
2491
6169
49
4826
3482
5513
2852
2949
5706
6295
265
154
188
62
5402
2828
1559
3183
2513
106
52
3161
4805
49
4826
3482
5383
3483
385
5453
1835
4884
3076
6158
5856
2413
253
1501
62
3115
2828
2491
2494
3483
8960
2880
413
5685
1651
2949
7812
4564
5706
5925
2413
10508
7967
11
5439
2379
4824
2519
2494
3482
5513
226
195
37
8960
342
2960
516
8560
5685
3938
46363
2542
6968
2103
5439
6169
5795
49
3482
226
2553
9190
5520
4884
5652
2852
516
5856
188
2362
1509
2626
33810
504
2828
2830
5613
4826
5513
195
879
601
5102
5685
2488
286
2949
46363
6295
1129
1067
4832
2626
5659
10508
3115
7967
2494
3483
9190
2880
1531
6116
7812
5828
6408
2820
33810
10508
2830
5504
6631
5564
52
2519
1285
5165
2483
8960
4884
5403
3076
46363
5828
6408
6604
5653
15338
1509
33810
5659
2506
3115
3407
4892
5439
324
398
5513
5453
5520
2960
4884
601
5652
5211
2852
1651
5828
6408
6604
6295
1067
504
5402
7967
5439
2494
4826
2483
2553
381
5211
516
1531
3076
2488
3938
5925
1884
6295
3457
4799
4832
6581
2828
11
4805
4826
5453
1835
879
381
5211
5403
5685
3076
6158
5653
265
2413
408
1129
1067
2820
2378
2500
398
4828
2553
9190
2880
5652
5102
1723
5395
2488
46363
2362
3407
7967
5439
2379
5613
3183
2513
2541
49
4826
2483
5453
5390
601
2880
3076
2949
4564
5706
6408
2378
3115
4892
6571
10960
4809
106
2517
2494
3482
3483
385
5102
3076
286
5314
2542
3457
1129
1067
2378
5402
5299
6169
5564
4809
2513
5352
4805
3483
226
2553
195
9190
381
601
1531
5685
217
5925
408
1067
2626
2500
2103
5613
6631
2541
1835
5520
2960
5685
217
7812
1884
15338
2820
1501
69
33810
5659
4823
7967
11
5504
5577
10960
4809
398
3483
5513
4828
195
9190
5520
5403
1531
5314
5706
6408
15338
408
4832
2378
33810
4823
62
6581
3482
5383
4828
37
5453
4884
2852
5828
2542
15338
5856
253
1067
2820
2626
1501
6581
10508
7967
6968
2494
398
5383
2553
195
8560
6116
217
1651
6091
154
4799
3407
5439
5613
2517
9242
1285
5516
88
2494
398
5513
5390
342
4884
381
2880
5652
5211
2852
3076
5856
1129
2378
1501
69
33810
2500
2830
4805
49
5453
5390
601
2880
5211
2949
4564
6408
154
2378
69
504
11629
3407
6571
5564
2587
9242
4805
398
5383
2553
1835
5390
342
1531
3938
286
5314
5653
15338
1067
2378
421
10508
5402
2828
4892
4805
4826
2483
5513
8960
381
2880
1723
8560
217
286
5314
5588
1884
2542
1129
1067
1509
2506
3115
3482
9190
381
5102
5395
3076
3938
1651
286
5856
253
33810
2828
5613
324
2517
5795
5725
5257
4643
9190
8960
381
2880
5403
3076
3938
4564
6604
265
2413
2820
5659
11629
3407
5347
6169
3183
4809
8687
398
8
601
3076
217
5706
1884
3457
2820
2626
1501
69
10508
2828
5466
5577
5564
10960
5725
5516
2494
4828
226
8960
879
342
516
3076
217
286
7812
1884
265
3457
188
1129
4832
2362
1509
1501
2494
226
37
601
5652
7812
188
2378
2500
3115
6968
6571
2491
2379
5613
6169
10960
2517
5725
32098
385
37
5390
5685
2949
5588
5828
5653
6091
253
2362
2626
2506
6571
5439
2379
6169
6631
2517
1294
49
4828
37
879
5520
2960
8560
5395
3938
2949
5828
6604
154
2413
1129
4832
421
33810
6571
6631
4805
3483
195
5520
2960
5211
217
2949
4564
46363
6408
6604
1884
6295
253
3457
408
69
62
6581
226
2553
381
8560
6116
5828
5653
1067
4823
3407
4892
1632
11
2103
5299
5504
5347
4809
2541
106
2494
195
1835
5102
3076
6604
154
408
4799
6581
3407
7967
6571
5299
5613
5504
6169
6631
106
4824
2483
3482
342
2880
413
1651
7812
5706
6604
5653
15338
2413
3457
408
2378
2626
5439
1559
405
4809
3482
9190
342
4884
381
2880
5102
5403
1723
5685
5588
265
154
2626
69
10508
7967
6968
1632
5504
5403
217
1651
286
5706
6295
2820
2626
62
11629
7967
4892
6968
5564
405
4936
9242
2228
4836
5123
8
37
1531
8560
6116
286
5588
4564
6604
1884
5653
2413
4799
1509
5659
62
6581
5466
2379
5577
385
37
5390
601
5211
2488
5314
6604
408
6581
7967
2828
1632
5439
2491
5504
2513
106
2517
1308
4805
385
2553
37
879
4884
381
5685
2488
217
1651
5706
5828
5925
6091
408
1067
2378
10508
504
2494
398
4826
5513
5453
879
381
601
2880
5211
2852
5403
8560
5685
6116
286
2949
4564
5925
265
2494
8
226
2880
5102
6158
5706
6604
6295
154
2820
2378
4823
2500
6571
2379
5564
405
1645
1294
4805
2483
5453
5395
5314
3457
188
2626
6581
2506
5402
2517
2519
5905
1294
61
5156
2299
4986
5722
3483
8
2553
5390
2960
5102
1723
8560
5706
2542
6295
154
408
1067
2820
1509
5659
3115
6968
8687
226
5453
9190
5390
8960
5520
2880
5211
516
3076
6116
286
5706
5828
6408
3457
2820
1509
3115
3407
2494
398
3482
2553
381
601
5102
5211
2852
516
1723
1531
3938
7812
5706
15338
408
4799
4832
2362
