175
292
58
1313
1465
425
424
164
662
429
1749
414
829
953
477
457
156
625
815
541
468
1456
4
408
2473
294
147
1827
330
270
93
824
1607
1653
533
1504
259
49
1821
1754
141
2479
166
332
606
627
475
786
1718
1321
679
192
1848
142
780
2091
793
1769
2201
592
244
337
601
410
623
709
953
188
472
1182
2123
175
640
1090
812
82
733
1683
581
485
567
1460
1820
1006
1514
722
2539
1769
1836
278
607
1055
418
1505
1189
750
583
1837
150
2173
1826
811
451
1820
1601
996
999
2209
924
601
606
1460
1607
139
1685
437
1028
706
1046
481
297
1833
489
626
786
433
924
766
2039
747
141
601
468
579
7
1311
1594
152
812
547
244
579
1456
588
1006
168
2428
1321
1850
215
138
1174
1859
1758
1475
49
1423
278
2479
1333
1006
2206
1116
428
606
477
2683
1182
424
1028
626
1630
980
1845
1754
414
1715
2078
141
532
1816
574
1460
8
355
1504
1441
2156
1152
436
1607
709
150
82
1747
119
1423
122
2479
999
141
436
292
1460
1607
811
709
1653
9
423
174
513
1845
583
618
1826
829
506
489
472
172
826
2173
1614
355
2299
766
183
1152
1611
2868
620
297
424
517
1647
1933
1816
152
579
436
980
355
376
332
576
824
826
174
153
516
487
733
352
611
747
366
2169
1859
815
107
1151
1085
1675
1438
1827
158
699
526
292
489
1820
1755
166
815
1054
1677
722
145
1090
2479
2936
347
1682
17
733
1333
1691
437
2878
1699
1290
67
719
2058
1151
788
2051
1205
1810
175
278
1460
122
475
980
1205
2998
567
337
532
526
58
712
1676
2428
1130
657
2871
1121
824
153
1475
502
207
1046
212
1833
1653
166
1304
1792
1205
924
1677
692
565
697
607
163
207
601
482
2936
2058
757
1321
1152
75
49
341
1046
273
635
687
1514
1842
2164
330
67
93
705
824
105
490
1859
969
1333
2164
1028
70
138
273
1174
635
477
487
1029
185
2778
626
1216
1601
537
753
2679
1040
49
711
1474
532
163
9
153
1480
408
502
292
45
577
244
526
635
675
1601
9
1047
1446
1054
2091
1611
2146
1046
824
547
2168
282
1006
166
472
705
1456
697
1174
526
292
1607
499
366
1676
1175
1054
293
2871
651
1677
221
1090
574
1833
118
607
612
709
2479
2428
567
337
468
810
1001
719
1480
999
753
517
1715
332
640
142
502
63
270
699
1730
1085
541
959
611
221
1823
601
812
428
829
707
1480
694
1197
1048
152
697
1138
1624
583
2276
1597
1540
70
2539
620
63
640
579
532
436
297
824
292
687
63
207
337
623
4
1220
1085
2123
2868
1837
8
499
1196
101
2481
1140
1611
2039
585
244
142
145
1816
297
811
537
2169
766
428
824
1730
2051
753
14
464
369
2407
2206
355
1477
284
567
962
1302
2778
348
1164
813
199
502
6
172
277
292
499
1755
980
577
347
1446
829
709
665
1311
273
547
1614
1465
771
1683
687
1747
1810
678
1216
766
2481
1627
1733
1820
270
142
1456
592
826
499
2173
2206
1196
2058
344
1769
1341
468
579
436
256
475
2683
1477
284
951
471
176
1313
712
1601
753
294
1734
612
2209
1311
199
1597
485
109
607
489
1626
207
697
824
547
707
980
1467
1608
1311
1090
410
436
576
589
188
854
533
570
1655
183
481
576
1151
347
419
1682
2778
1848
779
75
341
337
268
2058
185
180
1597
1770
2152
244
278
138
277
176
709
687
1830
523
1792
1848
272
779
244
292
1006
533
980
2177
1842
192
273
118
951
623
212
2058
750
293
1829
1152
67
640
230
606
150
282
1243
537
2428
2209
63
410
951
107
355
274
1189
924
2310
2407
54
567
138
697
988
487
139
14
376
650
601
1017
38
537
2051
207
475
418
823
1116
277
1090
122
1151
788
2150
230
607
612
176
526
457
1864
1048
581
1836
705
152
176
171
1730
1830
376
813
2319
87
297
826
953
647
63
175
1046
607
829
635
647
101
1182
1140
170
2201
93
142
152
1733
489
366
1055
166
270
410
1505
969
1441
1691
180
1286
607
576
282
1730
496
523
802
566
567
716
424
757
207
273
142
557
107
2683
1608
1611
2032
63
647
1313
252
423
747
1836
93
212
101
2486
1046
689
256
1054
665
369
278
482
122
150
996
1182
221
640
410
4
489
2473
17
1608
601
457
433
1175
733
2156
1152
1475
635
1866
675
62
568
535
620
366
9
859
1842
793
697
612
1174
292
1632
771
2299
1850
2276
2998
369
827
502
457
1748
1504
437
1048
1709
1040
7
458
1055
1730
1859
1624
1816
152
953
1
2778
344
1495
1475
1121
576
612
418
753
1054
270
557
410
574
1036
1601
1514
1540
1769
67
6
2479
752
1055
626
9
75
705
1480
347
1315
138
810
1632
823
376
662
2201
141
337
705
607
214
499
626
1243
338
470
1182
505
1826
418
2058
464
344
1311
959
2009
779
1823
6
471
859
1821
56
270
436
292
458
8
207
172
592
697
1833
2479
9
962
665
75
1844
274
62
813
2299
2091
651
221
585
1820
635
1001
752
496
577
139
2679
376
502
410
214
1859
2486
49
832
1833
2144
1302
1514
570
