633
1314
1257
1915
766
257
683
695
570
155
12
1674
922
1104
44
2020
111
1294
893
345
676
590
86
256
1191
449
366
203
1069
369
12
891
609
1195
3
2020
1893
111
1194
1353
412
967
632
1314
475
1287
251
138
681
1334
695
404
403
255
497
1056
1918
2466
608
87
121
2027
1724
475
251
1257
357
681
1334
966
570
705
1550
1069
609
27
1104
1195
608
87
632
2027
1287
268
1257
138
2008
1191
966
451
1070
168
369
497
1056
609
1674
420
1195
235
632
590
1257
1046
1915
570
659
404
1550
1069
1218
141
2466
2020
1413
41
1294
68
2023
144
2027
268
1257
664
138
1915
146
257
2008
683
1708
403
1550
203
1069
497
2026
1218
425
1413
633
121
590
887
1724
560
251
664
1629
766
146
257
2008
681
1557
683
695
570
403
168
412
146
602
683
1191
449
695
705
168
203
12
331
141
44
608
1893
1294
351
330
1496
121
306
86
560
268
1257
2008
1557
695
404
1550
1070
1069
255
497
2026
420
1918
1893
2052
121
251
268
1557
1334
256
1191
695
1708
366
1069
1289
1056
2026
609
1571
1918
2466
608
1893
633
412
306
664
1708
966
570
659
705
403
1550
12
497
891
922
331
420
1195
2466
425
633
412
632
1314
2027
887
560
251
257
1708
966
403
369
1056
141
178
2020
2052
262
111
633
121
412
632
887
1287
1257
1046
138
257
449
451
404
705
497
66
922
420
83
1195
967
475
86
1287
268
138
1629
257
1557
256
1708
570
403
1550
168
891
66
1674
1104
331
633
121
1156
560
257
2008
681
683
366
1550
203
1069
12
891
83
1918
1195
1893
345
1194
590
475
357
681
966
451
1069
891
1056
2026
66
609
27
1218
1674
141
420
83
1918
608
412
676
1724
251
1046
1629
766
257
681
1334
683
1708
570
1070
1289
891
1218
922
44
420
412
632
676
1314
590
1915
357
257
256
1191
448
66
609
1218
1571
331
262
41
713
970
412
676
306
475
1046
1629
146
2008
681
602
256
695
1708
966
570
451
404
448
12
2026
967
1724
1257
664
146
681
602
570
659
403
366
155
168
1289
12
1218
1571
1104
1960
83
412
632
1314
1724
475
1287
268
1257
664
766
357
2008
602
1334
256
1191
659
1070
203
1069
967
306
560
664
138
146
681
683
155
168
203
255
12
66
1571
3
608
2052
1413
1294
121
412
1156
1287
1629
256
449
695
705
1070
497
922
1195
3
178
425
330
1496
345
68
676
590
1046
146
2008
1557
256
966
570
404
705
403
155
1070
448
1069
369
66
1674
922
633
676
306
1724
1629
766
357
449
695
1708
659
403
366
155
12
1056
1571
141
44
1195
121
676
1724
1156
1915
1557
683
570
659
366
203
369
1674
1571
44
420
608
235
713
970
121
412
632
2027
86
251
268
1257
138
146
2008
1191
1708
966
659
451
366
1069
369
1289
412
590
887
146
257
681
1557
1550
155
1070
168
331
44
608
235
2052
425
41
970
330
121
86
138
1629
1191
695
451
366
1070
168
1104
331
44
1960
83
2466
608
425
41
330
676
590
1724
560
1287
1257
766
1557
256
1191
695
451
404
705
155
203
255
2026
609
1218
412
590
1156
475
1287
251
1046
766
2008
1557
1334
683
570
659
404
403
155
448
369
2026
967
676
1724
268
681
1334
683
966
705
155
448
168
203
12
1104
141
1960
1195
2466
2020
412
2027
251
1257
138
1915
2008
256
966
705
366
155
203
66
1571
1195
178
1893
1194
509
967
306
86
2008
1557
602
695
1708
570
451
1069
255
1289
497
66
44
420
83
1195
1413
2027
1724
86
268
1915
146
1334
155
1289
891
1056
1571
2466
178
2020
262
345
252
110
1468
633
121
1314
887
475
138
357
256
1708
966
659
1550
168
1069
1289
1056
27
420
178
330
121
967
632
2027
1156
86
251
268
357
257
449
1708
451
404
255
12
66
609
27
1571
1314
590
306
560
1915
681
1557
256
1191
449
695
155
1069
497
1674
1571
1104
1960
1918
2020
412
632
2027
1287
1046
1915
766
681
256
1191
449
695
659
451
1550
369
255
1056
1571
1104
967
2027
887
86
560
664
1191
570
659
203
1069
369
66
609
1571
1104
420
3
178
2020
967
1314
2027
590
887
1287
1046
138
2008
256
1191
168
12
2026
1218
141
420
83
2466
2052
633
2027
306
1724
1156
268
1629
2008
1557
449
695
1708
451
366
1550
448
168
12
497
2026
121
412
560
251
1046
138
1915
766
357
1557
449
966
1550
1070
497
2026
609
1674
331
141
967
590
251
268
1046
138
1915
1629
602
683
966
451
1289
497
891
1571
1960
83
178
2052
412
632
676
1314
86
268
891
609
1571
44
1960
1195
2466
87
262
41
351
1048
1353
1275
86
1046
664
1915
1629
1557
1334
1191
659
403
203
2026
66
1918
1195
1413
330
345
1048
170
633
121
412
967
676
306
887
475
664
766
1334
683
966
403
1070
203
1069
255
12
2026
2027
590
1287
268
138
256
695
1708
659
451
403
1069
1289
1056
66
331
141
178
111
1294
967
632
1156
475
251
1915
1334
449
570
451
404
705
403
366
448
203
1069
1289
891
2026
