25
23
94
104
97
743
112
593
29
126
95
223
24
45
41
39
88
58
201
624
25
23
94
104
97
743
112
593
29
126
95
223
24
45
41
39
88
58
201
624
25
23
94
104
97
743
112
593
29
126
95
223
24
45
41
39
88
58
201
624
25
23
94
104
97
743
112
593
29
126
95
223
24
45
41
39
88
58
201
624
25
23
94
104
97
743
112
593
29
126
95
223
24
45
41
39
88
58
201
624
25
23
94
104
97
743
112
593
29
126
95
223
24
45
41
39
88
58
201
624
25
23
94
104
97
743
112
593
29
126
95
223
24
45
41
39
88
58
201
624
25
23
94
104
97
743
112
593
29
126
95
223
24
45
41
39
88
58
201
624
25
23
94
104
97
743
112
593
29
126
95
223
24
45
41
39
88
58
201
624
25
23
94
104
97
743
112
593
29
126
95
223
24
45
41
39
88
58
201
624
25
23
94
104
97
743
112
593
29
126
95
223
24
45
41
39
88
58
201
624
25
23
94
104
97
743
112
593
29
126
95
223
24
45
41
39
88
58
201
624
25
23
94
104
97
743
112
593
29
126
95
223
24
45
41
39
88
58
201
624
25
23
94
104
97
743
112
593
29
126
95
223
24
45
41
39
88
58
201
624
25
23
94
104
97
743
112
593
29
126
95
223
24
45
41
39
88
58
201
624
25
23
94
104
97
743
112
593
29
126
95
223
24
45
41
39
88
58
201
624
25
23
94
104
97
743
112
593
29
126
95
223
24
45
41
39
88
58
201
624
25
23
94
104
97
743
112
593
29
126
95
223
24
45
41
39
88
58
201
624
25
23
94
104
97
743
112
593
29
126
95
223
24
45
41
39
88
58
201
624
25
23
94
104
97
743
112
593
29
126
95
223
24
45
41
39
88
58
201
624
25
23
94
104
97
743
112
593
29
126
95
223
24
45
41
39
88
58
201
624
25
23
94
104
97
743
112
593
29
126
95
223
24
45
41
39
88
58
201
624
25
23
94
104
97
743
112
593
29
126
95
223
24
45
41
39
88
58
201
624
25
23
94
104
97
743
112
593
29
126
95
223
24
45
41
39
88
58
201
624
25
23
94
104
97
743
112
593
29
126
95
223
24
45
41
39
88
58
201
624
25
23
94
104
97
743
112
593
29
126
95
223
24
45
41
39
88
58
201
624
25
23
94
104
97
743
112
593
29
126
95
223
24
45
41
39
88
58
201
624
25
23
94
104
97
743
112
593
29
126
95
223
24
45
41
39
88
58
201
624
25
23
94
104
97
743
112
593
29
126
95
223
24
45
41
39
88
58
201
624
25
23
94
104
97
743
112
593
29
126
95
223
24
45
41
39
88
58
201
624
25
23
94
104
97
743
112
593
29
126
95
223
24
45
41
39
88
58
201
624
25
23
94
104
97
743
112
593
29
126
95
223
24
45
41
39
88
58
201
624
25
23
94
104
97
743
112
593
29
126
95
223
24
45
41
39
88
58
201
624
25
23
94
104
97
743
112
593
29
126
95
223
24
45
41
39
88
58
201
624
25
23
94
104
97
743
112
593
29
126
95
223
24
45
41
39
88
58
201
624
25
23
94
104
97
743
112
593
29
126
95
223
24
45
41
39
88
58
201
624
25
23
94
104
97
743
112
593
29
126
95
223
24
45
41
39
88
58
201
624
25
23
94
104
97
743
112
593
29
126
95
223
24
45
41
39
88
58
201
624
25
23
94
104
97
743
112
593
29
126
95
223
24
45
41
39
88
58
201
624
25
23
94
104
97
743
112
593
29
126
95
223
24
45
41
39
88
58
201
624
25
23
94
104
97
743
112
593
29
126
95
223
24
45
41
39
88
58
201
624
25
23
94
104
97
743
112
593
29
126
95
223
24
45
41
39
88
58
201
624
25
23
94
104
97
743
112
593
29
126
95
223
24
45
41
39
88
58
201
624
25
23
94
104
97
743
112
593
29
126
95
223
24
45
41
39
88
58
201
624
25
23
94
104
97
743
112
593
29
126
95
223
24
45
41
39
88
58
201
624
25
23
94
104
97
743
112
593
29
126
95
223
24
45
41
39
88
58
201
624
25
23
94
104
97
743
112
593
29
126
95
223
24
45
41
39
88
58
201
624
25
23
94
104
97
743
112
593
29
126
95
223
24
45
41
39
88
58
201
624
25
23
94
104
97
743
112
593
29
126
95
223
24
45
41
39
88
58
201
624
25
23
94
104
97
743
112
593
29
126
95
223
24
45
41
39
88
58
201
624
