17
15
103
129
16
190
21
102
160
106
30
96
399
121
141
402
664
104
18
35
17
15
103
129
16
190
21
102
160
106
30
96
399
121
141
402
664
104
18
35
17
15
103
129
16
190
21
102
160
106
30
96
399
121
141
402
664
104
18
35
17
15
103
129
16
190
21
102
160
106
30
96
399
121
141
402
664
104
18
35
17
15
103
129
16
190
21
102
160
106
30
96
399
121
141
402
664
104
18
35
17
15
103
129
16
190
21
102
160
106
30
96
399
121
141
402
664
104
18
35
17
15
103
129
16
190
21
102
160
106
30
96
399
121
141
402
664
104
18
35
17
15
103
129
16
190
21
102
160
106
30
96
399
121
141
402
664
104
18
35
17
15
103
129
16
190
21
102
160
106
30
96
399
121
141
402
664
104
18
35
17
15
103
129
16
190
21
102
160
106
30
96
399
121
141
402
664
104
18
35
17
15
103
129
16
190
21
102
160
106
30
96
399
121
141
402
664
104
18
35
17
15
103
129
16
190
21
102
160
106
30
96
399
121
141
402
664
104
18
35
17
15
103
129
16
190
21
102
160
106
30
96
399
121
141
402
664
104
18
35
17
15
103
129
16
190
21
102
160
106
30
96
399
121
141
402
664
104
18
35
17
15
103
129
16
190
21
102
160
106
30
96
399
121
141
402
664
104
18
35
17
15
103
129
16
190
21
102
160
106
30
96
399
121
141
402
664
104
18
35
17
15
103
129
16
190
21
102
160
106
30
96
399
121
141
402
664
104
18
35
17
15
103
129
16
190
21
102
160
106
30
96
399
121
141
402
664
104
18
35
17
15
103
129
16
190
21
102
160
106
30
96
399
121
141
402
664
104
18
35
17
15
103
129
16
190
21
102
160
106
30
96
399
121
141
402
664
104
18
35
17
15
103
129
16
190
21
102
160
106
30
96
399
121
141
402
664
104
18
35
17
15
103
129
16
190
21
102
160
106
30
96
399
121
141
402
664
104
18
35
17
15
103
129
16
190
21
102
160
106
30
96
399
121
141
402
664
104
18
35
17
15
103
129
16
190
21
102
160
106
30
96
399
121
141
402
664
104
18
35
17
15
103
129
16
190
21
102
160
106
30
96
399
121
141
402
664
104
18
35
17
15
103
129
16
190
21
102
160
106
30
96
399
121
141
402
664
104
18
35
17
15
103
129
16
190
21
102
160
106
30
96
399
121
141
402
664
104
18
35
17
15
103
129
16
190
21
102
160
106
30
96
399
121
141
402
664
104
18
35
17
15
103
129
16
190
21
102
160
106
30
96
399
121
141
402
664
104
18
35
17
15
103
129
16
190
21
102
160
106
30
96
399
121
141
402
664
104
18
35
17
15
103
129
16
190
21
102
160
106
30
96
399
121
141
402
664
104
18
35
17
15
103
129
16
190
21
102
160
106
30
96
399
121
141
402
664
104
18
35
17
15
103
129
16
190
21
102
160
106
30
96
399
121
141
402
664
104
18
35
17
15
103
129
16
190
21
102
160
106
30
96
399
121
141
402
664
104
18
35
17
15
103
129
16
190
21
102
160
106
30
96
399
121
141
402
664
104
18
35
17
15
103
129
16
190
21
102
160
106
30
96
399
121
141
402
664
104
18
35
17
15
103
129
16
190
21
102
160
106
30
96
399
121
141
402
664
104
18
35
17
15
103
129
16
190
21
102
160
106
30
96
399
121
141
402
664
104
18
35
17
15
103
129
16
190
21
102
160
106
30
96
399
121
141
402
664
104
18
35
17
15
103
129
16
190
21
102
160
106
30
96
399
121
141
402
664
104
18
35
17
15
103
129
16
190
21
102
160
106
30
96
399
121
141
402
664
104
18
35
17
15
103
129
16
190
21
102
160
106
30
96
399
121
141
402
664
104
18
35
17
15
103
129
16
190
21
102
160
106
30
96
399
121
141
402
664
104
18
35
17
15
103
129
16
190
21
102
160
106
30
96
399
121
141
402
664
104
18
35
17
15
103
129
16
190
21
102
160
106
30
96
399
121
141
402
664
104
18
35
17
15
103
129
16
190
21
102
160
106
30
96
399
121
141
402
664
104
18
35
17
15
103
129
16
190
21
102
160
106
30
96
399
121
141
402
664
104
18
35
17
15
103
129
16
190
21
102
160
106
30
96
399
121
141
402
664
104
18
35
17
15
103
129
16
190
21
102
160
106
30
96
399
121
141
402
664
104
18
35
17
15
103
129
16
190
21
102
160
106
30
96
399
121
141
402
664
104
18
35
