410
576
570
79
569
584
660
111
672
615
744
70
2
131
264
16
471
265
851
482
410
576
570
79
569
584
660
111
672
615
744
70
2
131
264
16
471
265
851
482
410
576
570
79
569
584
660
111
672
615
744
70
2
131
264
16
471
265
851
482
410
576
570
79
569
584
660
111
672
615
744
70
2
131
264
16
471
265
851
482
410
576
570
79
569
584
660
111
672
615
744
70
2
131
264
16
471
265
851
482
410
576
570
79
569
584
660
111
672
615
744
70
2
131
264
16
471
265
851
482
410
576
570
79
569
584
660
111
672
615
744
70
2
131
264
16
471
265
851
482
410
576
570
79
569
584
660
111
672
615
744
70
2
131
264
16
471
265
851
482
410
576
570
79
569
584
660
111
672
615
744
70
2
131
264
16
471
265
851
482
410
576
570
79
569
584
660
111
672
615
744
70
2
131
264
16
471
265
851
482
410
576
570
79
569
584
660
111
672
615
744
70
2
131
264
16
471
265
851
482
410
576
570
79
569
584
660
111
672
615
744
70
2
131
264
16
471
265
851
482
410
576
570
79
569
584
660
111
672
615
744
70
2
131
264
16
471
265
851
482
410
576
570
79
569
584
660
111
672
615
744
70
2
131
264
16
471
265
851
482
410
576
570
79
569
584
660
111
672
615
744
70
2
131
264
16
471
265
851
482
410
576
570
79
569
584
660
111
672
615
744
70
2
131
264
16
471
265
851
482
410
576
570
79
569
584
660
111
672
615
744
70
2
131
264
16
471
265
851
482
410
576
570
79
569
584
660
111
672
615
744
70
2
131
264
16
471
265
851
482
410
576
570
79
569
584
660
111
672
615
744
70
2
131
264
16
471
265
851
482
410
576
570
79
569
584
660
111
672
615
744
70
2
131
264
16
471
265
851
482
410
576
570
79
569
584
660
111
672
615
744
70
2
131
264
16
471
265
851
482
410
576
570
79
569
584
660
111
672
615
744
70
2
131
264
16
471
265
851
482
410
576
570
79
569
584
660
111
672
615
744
70
2
131
264
16
471
265
851
482
410
576
570
79
569
584
660
111
672
615
744
70
2
131
264
16
471
265
851
482
410
576
570
79
569
584
660
111
672
615
744
70
2
131
264
16
471
265
851
482
410
576
570
79
569
584
660
111
672
615
744
70
2
131
264
16
471
265
851
482
410
576
570
79
569
584
660
111
672
615
744
70
2
131
264
16
471
265
851
482
410
576
570
79
569
584
660
111
672
615
744
70
2
131
264
16
471
265
851
482
410
576
570
79
569
584
660
111
672
615
744
70
2
131
264
16
471
265
851
482
410
576
570
79
569
584
660
111
672
615
744
70
2
131
264
16
471
265
851
482
410
576
570
79
569
584
660
111
672
615
744
70
2
131
264
16
471
265
851
482
410
576
570
79
569
584
660
111
672
615
744
70
2
131
264
16
471
265
851
482
410
576
570
79
569
584
660
111
672
615
744
70
2
131
264
16
471
265
851
482
410
576
570
79
569
584
660
111
672
615
744
70
2
131
264
16
471
265
851
482
410
576
570
79
569
584
660
111
672
615
744
70
2
131
264
16
471
265
851
482
410
576
570
79
569
584
660
111
672
615
744
70
2
131
264
16
471
265
851
482
410
576
570
79
569
584
660
111
672
615
744
70
2
131
264
16
471
265
851
482
410
576
570
79
569
584
660
111
672
615
744
70
2
131
264
16
471
265
851
482
410
576
570
79
569
584
660
111
672
615
744
70
2
131
264
16
471
265
851
482
410
576
570
79
569
584
660
111
672
615
744
70
2
131
264
16
471
265
851
482
410
576
570
79
569
584
660
111
672
615
744
70
2
131
264
16
471
265
851
482
410
576
570
79
569
584
660
111
672
615
744
70
2
131
264
16
471
265
851
482
410
576
570
79
569
584
660
111
672
615
744
70
2
131
264
16
471
265
851
482
410
576
570
79
569
584
660
111
672
615
744
70
2
131
264
16
471
265
851
482
410
576
570
79
569
584
660
111
672
615
744
70
2
131
264
16
471
265
851
482
410
576
570
79
569
584
660
111
672
615
744
70
2
131
264
16
471
265
851
482
410
576
570
79
569
584
660
111
672
615
744
70
2
131
264
16
471
265
851
482
410
576
570
79
569
584
660
111
672
615
744
70
2
131
264
16
471
265
851
482
410
576
570
79
569
584
660
111
672
615
744
70
2
131
264
16
471
265
851
482
410
576
570
79
569
584
660
111
672
615
744
70
2
131
264
16
471
265
851
482
