545
184
455
705
489
496
6
256
326
549
318
120
410
1171
358
255
546
447
14
254
388
9
364
166
280
545
184
455
705
489
496
6
256
326
549
318
120
410
1171
358
255
546
447
14
254
388
9
364
166
280
545
184
455
705
489
496
6
256
326
549
318
120
410
1171
358
255
546
447
14
254
388
9
364
166
280
545
184
455
705
489
496
6
256
326
549
318
120
410
1171
358
255
546
447
14
254
388
9
364
166
280
545
184
455
705
489
496
6
256
326
549
318
120
410
1171
358
255
546
447
14
254
388
9
364
166
280
545
184
455
705
489
496
6
256
326
549
318
120
410
1171
358
255
546
447
14
254
388
9
364
166
280
545
184
455
705
489
496
6
256
326
549
318
120
410
1171
358
255
546
447
14
254
388
9
364
166
280
545
184
455
705
489
496
6
256
326
549
318
120
410
1171
358
255
546
447
14
254
388
9
364
166
280
545
184
455
705
489
496
6
256
326
549
318
120
410
1171
358
255
546
447
14
254
388
9
364
166
280
545
184
455
705
489
496
6
256
326
549
318
120
410
1171
358
255
546
447
14
254
388
9
364
166
280
545
184
455
705
489
496
6
256
326
549
318
120
410
1171
358
255
546
447
14
254
388
9
364
166
280
545
184
455
705
489
496
6
256
326
549
318
120
410
1171
358
255
546
447
14
254
388
9
364
166
280
545
184
455
705
489
496
6
256
326
549
318
120
410
1171
358
255
546
447
14
254
388
9
364
166
280
545
184
455
705
489
496
6
256
326
549
318
120
410
1171
358
255
546
447
14
254
388
9
364
166
280
545
184
455
705
489
496
6
256
326
549
318
120
410
1171
358
255
546
447
14
254
388
9
364
166
280
545
184
455
705
489
496
6
256
326
549
318
120
410
1171
358
255
546
447
14
254
388
9
364
166
280
545
184
455
705
489
496
6
256
326
549
318
120
410
1171
358
255
546
447
14
254
388
9
364
166
280
545
184
455
705
489
496
6
256
326
549
318
120
410
1171
358
255
546
447
14
254
388
9
364
166
280
545
184
455
705
489
496
6
256
326
549
318
120
410
1171
358
255
546
447
14
254
388
9
364
166
280
545
184
455
705
489
496
6
256
326
549
318
120
410
1171
358
255
546
447
14
254
388
9
364
166
280
545
184
455
705
489
496
6
256
326
549
318
120
410
1171
358
255
546
447
14
254
388
9
364
166
280
545
184
455
705
489
496
6
256
326
549
318
120
410
1171
358
255
546
447
14
254
388
9
364
166
280
545
184
455
705
489
496
6
256
326
549
318
120
410
1171
358
255
546
447
14
254
388
9
364
166
280
545
184
455
705
489
496
6
256
326
549
318
120
410
1171
358
255
546
447
14
254
388
9
364
166
280
545
184
455
705
489
496
6
256
326
549
318
120
410
1171
358
255
546
447
14
254
388
9
364
166
280
545
184
455
705
489
496
6
256
326
549
318
120
410
1171
358
255
546
447
14
254
388
9
364
166
280
545
184
455
705
489
496
6
256
326
549
318
120
410
1171
358
255
546
447
14
254
388
9
364
166
280
545
184
455
705
489
496
6
256
326
549
318
120
410
1171
358
255
546
447
14
254
388
9
364
166
280
545
184
455
705
489
496
6
256
326
549
318
120
410
1171
358
255
546
447
14
254
388
9
364
166
280
545
184
455
705
489
496
6
256
326
549
318
120
410
1171
358
255
546
447
14
254
388
9
364
166
280
545
184
455
705
489
496
6
256
326
549
318
120
410
1171
358
255
546
447
14
254
388
9
364
166
280
545
184
455
705
489
496
6
256
326
549
318
120
410
1171
358
255
546
447
14
254
388
9
364
166
280
545
184
455
705
489
496
6
256
326
549
318
120
410
1171
358
255
546
447
14
254
388
9
364
166
280
545
184
455
705
489
496
6
256
326
549
318
120
410
1171
358
255
546
447
14
254
388
9
364
166
280
545
184
455
705
489
496
6
256
326
549
318
120
410
1171
358
255
546
447
14
254
388
9
364
166
280
545
184
455
705
489
496
6
256
326
549
318
120
410
1171
358
255
546
447
14
254
388
9
364
166
280
545
184
455
705
489
496
6
256
326
549
318
120
410
1171
358
255
546
447
14
254
388
9
364
166
280
545
184
455
705
489
496
6
256
326
549
318
120
410
1171
358
255
546
447
14
254
388
9
364
166
280
545
184
455
705
489
496
6
256
326
549
318
120
410
1171
358
255
546
447
14
254
388
9
364
166
280
545
184
455
705
489
496
6
256
326
549
318
120
410
1171
358
255
546
447
14
254
388
9
364
166
280
545
184
455
705
489
496
6
256
326
549
318
120
410
1171
358
255
546
447
14
254
388
9
364
166
280
545
184
455
705
489
496
6
256
326
549
318
120
410
1171
358
255
546
447
14
254
388
9
364
166
280
545
184
455
705
489
496
6
256
326
549
318
120
410
1171
358
255
546
447
14
254
388
9
364
166
280
545
184
455
705
489
496
6
256
326
549
318
120
410
1171
358
255
546
447
14
254
388
9
364
166
280
545
184
455
705
489
496
6
256
326
549
318
120
410
1171
358
255
546
447
14
254
388
9
364
166
280
545
184
455
705
489
496
6
256
326
549
318
120
410
1171
358
255
546
447
14
254
388
9
364
166
280
545
184
455
705
489
496
6
256
326
549
318
120
410
1171
358
255
546
447
14
254
388
9
364
166
280
545
184
455
705
489
496
6
256
326
549
318
120
410
1171
358
255
546
447
14
254
388
9
364
166
280
545
184
455
705
489
496
6
256
326
549
318
120
410
1171
358
255
546
447
14
254
388
9
364
166
280
545
184
455
705
489
496
6
256
326
549
318
120
410
1171
358
255
546
447
14
254
388
9
364
166
280
