166
178
172
13
690
697
1505
196
122
169
1696
127
105
1414
154
205
1599
1749
2017
1688
1489
804
1937
60
371
1554
195
529
420
2721
1732
171
1365
1530
785
166
178
172
13
690
697
1505
196
122
169
1696
127
105
1414
154
205
1599
1749
2017
1688
1489
804
1937
60
371
1554
195
529
420
2721
1732
171
1365
1530
785
166
178
172
13
690
697
1505
196
122
169
1696
127
105
1414
154
205
1599
1749
2017
1688
1489
804
1937
60
371
1554
195
529
420
2721
1732
171
1365
1530
785
166
178
172
13
690
697
1505
196
122
169
1696
127
105
1414
154
205
1599
1749
2017
1688
1489
804
1937
60
371
1554
195
529
420
2721
1732
171
1365
1530
785
166
178
172
13
690
697
1505
196
122
169
1696
127
105
1414
154
205
1599
1749
2017
1688
1489
804
1937
60
371
1554
195
529
420
2721
1732
171
1365
1530
785
166
178
172
13
690
697
1505
196
122
169
1696
127
105
1414
154
205
1599
1749
2017
1688
1489
804
1937
60
371
1554
195
529
420
2721
1732
171
1365
1530
785
166
178
172
13
690
697
1505
196
122
169
1696
127
105
1414
154
205
1599
1749
2017
1688
1489
804
1937
60
371
1554
195
529
420
2721
1732
171
1365
1530
785
166
178
172
13
690
697
1505
196
122
169
1696
127
105
1414
154
205
1599
1749
2017
1688
1489
804
1937
60
371
1554
195
529
420
2721
1732
171
1365
1530
785
166
178
172
13
690
697
1505
196
122
169
1696
127
105
1414
154
205
1599
1749
2017
1688
1489
804
1937
60
371
1554
195
529
420
2721
1732
171
1365
1530
785
166
178
172
13
690
697
1505
196
122
169
1696
127
105
1414
154
205
1599
1749
2017
1688
1489
804
1937
60
371
1554
195
529
420
2721
1732
171
1365
1530
785
166
178
172
13
690
697
1505
196
122
169
1696
127
105
1414
154
205
1599
1749
2017
1688
1489
804
1937
60
371
1554
195
529
420
2721
1732
171
1365
1530
785
166
178
172
13
690
697
1505
196
122
169
1696
127
105
1414
154
205
1599
1749
2017
1688
1489
804
1937
60
371
1554
195
529
420
2721
1732
171
1365
1530
785
166
178
172
13
690
697
1505
196
122
169
1696
127
105
1414
154
205
1599
1749
2017
1688
1489
804
1937
60
371
1554
195
529
420
2721
1732
171
1365
1530
785
166
178
172
13
690
697
1505
196
122
169
1696
127
105
1414
154
205
1599
1749
2017
1688
1489
804
1937
60
371
1554
195
529
420
2721
1732
171
1365
1530
785
166
178
172
13
690
697
1505
196
122
169
1696
127
105
1414
154
205
1599
1749
2017
1688
1489
804
1937
60
371
1554
195
529
420
2721
1732
171
1365
1530
785
166
178
172
13
690
697
1505
196
122
169
1696
127
105
1414
154
205
1599
1749
2017
1688
1489
804
1937
60
371
1554
195
529
420
2721
1732
171
1365
1530
785
166
178
172
13
690
697
1505
196
122
169
1696
127
105
1414
154
205
1599
1749
2017
1688
1489
804
1937
60
371
1554
195
529
420
2721
1732
171
1365
1530
785
166
178
172
13
690
697
1505
196
122
169
1696
127
105
1414
154
205
1599
1749
2017
1688
1489
804
1937
60
371
1554
195
529
420
2721
1732
171
1365
1530
785
166
178
172
13
690
697
1505
196
122
169
1696
127
105
1414
154
205
1599
1749
2017
1688
1489
804
1937
60
371
1554
195
529
420
2721
1732
171
1365
1530
785
166
178
172
13
690
697
1505
196
122
169
1696
127
105
1414
154
205
1599
1749
2017
1688
1489
804
1937
60
371
1554
195
529
420
2721
1732
171
1365
1530
785
166
178
172
13
690
697
1505
196
122
169
1696
127
105
1414
154
205
1599
1749
2017
1688
1489
804
1937
60
371
1554
195
529
420
2721
1732
171
1365
1530
785
166
178
172
13
690
697
1505
196
122
169
1696
127
105
1414
154
205
1599
1749
2017
1688
1489
804
1937
60
371
1554
195
529
420
2721
1732
171
1365
1530
785
166
178
172
13
690
697
1505
196
122
169
1696
127
105
1414
154
205
1599
1749
2017
1688
1489
804
1937
60
371
1554
195
529
420
2721
1732
171
1365
1530
785
166
178
172
13
690
697
1505
196
122
169
1696
127
105
1414
154
205
1599
1749
2017
1688
1489
804
1937
60
371
1554
195
529
420
2721
1732
171
1365
1530
785
166
178
172
13
690
697
1505
196
122
169
1696
127
105
1414
154
205
1599
1749
2017
1688
1489
804
1937
60
371
1554
195
529
420
2721
1732
171
1365
1530
785
166
178
172
13
690
697
1505
196
122
169
1696
127
105
1414
154
205
1599
1749
2017
1688
1489
804
1937
60
371
1554
195
529
420
2721
1732
171
1365
1530
785
166
178
172
13
690
697
1505
196
122
169
1696
127
105
1414
154
205
1599
1749
2017
1688
1489
804
1937
60
371
1554
195
529
420
2721
1732
171
1365
1530
785
166
178
172
13
690
697
1505
196
122
169
1696
127
105
1414
154
205
1599
1749
2017
1688
1489
804
1937
60
371
1554
195
529
420
2721
1732
171
1365
1530
785
166
178
172
13
690
697
1505
196
122
169
1696
127
105
1414
154
205
1599
1749
2017
1688
1489
804
1937
60
371
1554
195
529
420
2721
1732
171
1365
1530
785
166
178
172
13
690
697
1505
196
122
169
1696
127
105
1414
154
205
1599
1749
2017
1688
1489
804
1937
60
371
1554
195
529
420
2721
1732
171
1365
1530
785
166
178
172
13
690
697
1505
196
122
169
1696
127
105
1414
154
205
1599
1749
2017
1688
1489
804
1937
60
371
1554
195
529
420
2721
1732
171
1365
1530
785
166
178
172
13
690
697
1505
196
122
169
1696
127
105
1414
154
205
1599
1749
2017
1688
1489
804
1937
60
371
1554
195
529
420
2721
1732
171
1365
1530
785
166
178
172
13
690
697
1505
196
122
169
1696
127
105
1414
154
205
1599
1749
2017
1688
1489
804
1937
60
371
1554
195
529
420
2721
1732
171
1365
1530
785
166
178
172
13
690
697
1505
196
122
169
1696
127
105
1414
154
205
1599
1749
2017
1688
1489
804
1937
60
371
1554
195
529
420
2721
1732
171
1365
1530
785
166
178
172
13
690
697
1505
196
122
169
1696
127
105
1414
154
205
1599
1749
2017
1688
1489
804
1937
60
371
1554
195
529
420
2721
1732
171
1365
1530
785
166
178
172
13
690
697
1505
196
122
169
1696
127
105
1414
154
205
1599
1749
2017
1688
1489
804
1937
60
371
1554
195
529
420
2721
1732
171
1365
1530
785
166
178
172
13
690
697
1505
196
122
169
1696
127
105
1414
154
205
1599
1749
2017
1688
1489
804
1937
60
371
1554
195
529
420
2721
1732
171
1365
1530
785
166
178
172
13
690
697
1505
196
122
169
1696
127
105
1414
154
205
1599
1749
2017
1688
1489
804
1937
60
371
1554
195
529
420
2721
1732
171
1365
1530
785
166
178
172
13
690
697
1505
196
122
169
1696
127
105
1414
154
205
1599
1749
2017
1688
1489
804
1937
60
371
1554
195
529
420
2721
1732
171
1365
1530
785
166
178
172
13
690
697
1505
196
122
169
1696
127
105
1414
154
205
1599
1749
2017
1688
1489
804
1937
60
371
1554
195
529
420
2721
1732
171
1365
1530
785
166
178
172
13
690
697
1505
196
122
169
1696
127
105
1414
154
205
1599
1749
2017
1688
1489
804
1937
60
371
1554
195
529
420
2721
1732
171
1365
1530
785
166
178
172
13
690
697
1505
196
122
169
1696
127
105
1414
154
205
1599
1749
2017
1688
1489
804
1937
60
371
1554
195
529
420
2721
1732
171
1365
1530
785
166
178
172
13
690
697
1505
196
122
169
1696
127
105
1414
154
205
1599
1749
2017
1688
1489
804
1937
60
371
1554
195
529
420
2721
1732
171
1365
1530
785
166
178
172
13
690
697
1505
196
122
169
1696
127
105
1414
154
205
1599
1749
2017
1688
1489
804
1937
60
371
1554
195
529
420
2721
1732
171
1365
1530
785
166
178
172
13
690
697
1505
196
122
169
1696
127
105
1414
154
205
1599
1749
2017
1688
1489
804
1937
60
371
1554
195
529
420
2721
1732
171
1365
1530
785
166
178
172
13
690
697
1505
196
122
169
1696
127
105
1414
154
205
1599
1749
2017
1688
1489
804
1937
60
371
1554
195
529
420
2721
1732
171
1365
1530
785
166
178
172
13
690
697
1505
196
122
169
1696
127
105
1414
154
205
1599
1749
2017
1688
1489
804
1937
60
371
1554
195
529
420
2721
1732
171
1365
1530
785
166
178
172
13
690
697
1505
196
122
169
1696
127
105
1414
154
205
1599
1749
2017
1688
1489
804
1937
60
371
1554
195
529
420
2721
1732
171
1365
1530
785
166
178
172
13
690
697
1505
196
122
169
1696
127
105
1414
154
205
1599
1749
2017
1688
1489
804
1937
60
371
1554
195
529
420
2721
1732
171
1365
1530
785
166
178
172
13
690
697
1505
196
122
169
1696
127
105
1414
154
205
1599
1749
2017
1688
1489
804
1937
60
371
1554
195
529
420
2721
1732
171
1365
1530
785
