477
279
284
25
78
97
313
453
276
82
397
387
59
29
561
27
81
76
121
747
83
614
729
328
87
288
115
77
95
94
525
96
2448
103
479
477
279
284
25
78
97
313
453
276
82
397
387
59
29
561
27
81
76
121
747
83
614
729
328
87
288
115
77
95
94
525
96
2448
103
479
477
279
284
25
78
97
313
453
276
82
397
387
59
29
561
27
81
76
121
747
83
614
729
328
87
288
115
77
95
94
525
96
2448
103
479
477
279
284
25
78
97
313
453
276
82
397
387
59
29
561
27
81
76
121
747
83
614
729
328
87
288
115
77
95
94
525
96
2448
103
479
477
279
284
25
78
97
313
453
276
82
397
387
59
29
561
27
81
76
121
747
83
614
729
328
87
288
115
77
95
94
525
96
2448
103
479
477
279
284
25
78
97
313
453
276
82
397
387
59
29
561
27
81
76
121
747
83
614
729
328
87
288
115
77
95
94
525
96
2448
103
479
477
279
284
25
78
97
313
453
276
82
397
387
59
29
561
27
81
76
121
747
83
614
729
328
87
288
115
77
95
94
525
96
2448
103
479
477
279
284
25
78
97
313
453
276
82
397
387
59
29
561
27
81
76
121
747
83
614
729
328
87
288
115
77
95
94
525
96
2448
103
479
477
279
284
25
78
97
313
453
276
82
397
387
59
29
561
27
81
76
121
747
83
614
729
328
87
288
115
77
95
94
525
96
2448
103
479
477
279
284
25
78
97
313
453
276
82
397
387
59
29
561
27
81
76
121
747
83
614
729
328
87
288
115
77
95
94
525
96
2448
103
479
477
279
284
25
78
97
313
453
276
82
397
387
59
29
561
27
81
76
121
747
83
614
729
328
87
288
115
77
95
94
525
96
2448
103
479
477
279
284
25
78
97
313
453
276
82
397
387
59
29
561
27
81
76
121
747
83
614
729
328
87
288
115
77
95
94
525
96
2448
103
479
477
279
284
25
78
97
313
453
276
82
397
387
59
29
561
27
81
76
121
747
83
614
729
328
87
288
115
77
95
94
525
96
2448
103
479
477
279
284
25
78
97
313
453
276
82
397
387
59
29
561
27
81
76
121
747
83
614
729
328
87
288
115
77
95
94
525
96
2448
103
479
477
279
284
25
78
97
313
453
276
82
397
387
59
29
561
27
81
76
121
747
83
614
729
328
87
288
115
77
95
94
525
96
2448
103
479
477
279
284
25
78
97
313
453
276
82
397
387
59
29
561
27
81
76
121
747
83
614
729
328
87
288
115
77
95
94
525
96
2448
103
479
477
279
284
25
78
97
313
453
276
82
397
387
59
29
561
27
81
76
121
747
83
614
729
328
87
288
115
77
95
94
525
96
2448
103
479
477
279
284
25
78
97
313
453
276
82
397
387
59
29
561
27
81
76
121
747
83
614
729
328
87
288
115
77
95
94
525
96
2448
103
479
477
279
284
25
78
97
313
453
276
82
397
387
59
29
561
27
81
76
121
747
83
614
729
328
87
288
115
77
95
94
525
96
2448
103
479
477
279
284
25
78
97
313
453
276
82
397
387
59
29
561
27
81
76
121
747
83
614
729
328
87
288
115
77
95
94
525
96
2448
103
479
477
279
284
25
78
97
313
453
276
82
397
387
59
29
561
27
81
76
121
747
83
614
729
328
87
288
115
77
95
94
525
96
2448
103
479
477
279
284
25
78
97
313
453
276
82
397
387
59
29
561
27
81
76
121
747
83
614
729
328
87
288
115
77
95
94
525
96
2448
103
479
477
279
284
25
78
97
313
453
276
82
397
387
59
29
561
27
81
76
121
747
83
614
729
328
87
288
115
77
95
94
525
96
2448
103
479
477
279
284
25
78
97
313
453
276
82
397
387
59
29
561
27
81
76
121
747
83
614
729
328
87
288
115
77
95
94
525
96
2448
103
479
477
279
284
25
78
97
313
453
276
82
397
387
59
29
561
27
81
76
121
747
83
614
729
328
87
288
115
77
95
94
525
96
2448
103
479
477
279
284
25
78
97
313
453
276
82
397
387
59
29
561
27
81
76
121
747
83
614
729
328
87
288
115
77
95
94
525
96
2448
103
479
477
279
284
25
78
97
313
453
276
82
397
387
59
29
561
27
81
76
121
747
83
614
729
328
87
288
115
77
95
94
525
96
2448
103
479
477
279
284
25
78
97
313
453
276
82
397
387
59
29
561
27
81
76
121
747
83
614
729
328
87
288
115
77
95
94
525
96
2448
103
479
477
279
284
25
78
97
313
453
276
82
397
387
59
29
561
27
81
76
121
747
83
614
729
328
87
288
115
77
95
94
525
96
2448
103
479
477
279
284
25
78
97
313
453
276
82
397
387
59
29
561
27
81
76
121
747
83
614
729
328
87
288
115
77
95
94
525
96
2448
103
479
477
279
284
25
78
97
313
453
276
82
397
387
59
29
561
27
81
76
121
747
83
614
729
328
87
288
115
77
95
94
525
96
2448
103
479
477
279
284
25
78
97
313
453
276
82
397
387
59
29
561
27
81
76
121
747
83
614
729
328
87
288
115
77
95
94
525
96
2448
103
479
477
279
284
25
78
97
313
453
276
82
397
387
59
29
561
27
81
76
121
747
83
614
729
328
87
288
115
77
95
94
525
96
2448
103
479
477
279
284
25
78
97
313
453
276
82
397
387
59
29
561
27
81
76
121
747
83
614
729
328
87
288
115
77
95
94
525
96
2448
103
479
477
279
284
25
78
97
313
453
276
82
397
387
59
29
561
27
81
76
121
747
83
614
729
328
87
288
115
77
95
94
525
96
2448
103
479
477
279
284
25
78
97
313
453
276
82
397
387
59
29
561
27
81
76
121
747
83
614
729
328
87
288
115
77
95
94
525
96
2448
103
479
477
279
284
25
78
97
313
453
276
82
397
387
59
29
561
27
81
76
121
747
83
614
729
328
87
288
115
77
95
94
525
96
2448
103
479
477
279
284
25
78
97
313
453
276
82
397
387
59
29
561
27
81
76
121
747
83
614
729
328
87
288
115
77
95
94
525
96
2448
103
479
477
279
284
25
78
97
313
453
276
82
397
387
59
29
561
27
81
76
121
747
83
614
729
328
87
288
115
77
95
94
525
96
2448
103
479
477
279
284
25
78
97
313
453
276
82
397
387
59
29
561
27
81
76
121
747
83
614
729
328
87
288
115
77
95
94
525
96
2448
103
479
477
279
284
25
78
97
313
453
276
82
397
387
59
29
561
27
81
76
121
747
83
614
729
328
87
288
115
77
95
94
525
96
2448
103
479
477
279
284
25
78
97
313
453
276
82
397
387
59
29
561
27
81
76
121
747
83
614
729
328
87
288
115
77
95
94
525
96
2448
103
479
477
279
284
25
78
97
313
453
276
82
397
387
59
29
561
27
81
76
121
747
83
614
729
328
87
288
115
77
95
94
525
96
2448
103
479
477
279
284
25
78
97
313
453
276
82
397
387
59
29
561
27
81
76
121
747
83
614
729
328
87
288
115
77
95
94
525
96
2448
103
479
477
279
284
25
78
97
313
453
276
82
397
387
59
29
561
27
81
76
121
747
83
614
729
328
87
288
115
77
95
94
525
96
2448
103
479
477
279
284
25
78
97
313
453
276
82
397
387
59
29
561
27
81
76
121
747
83
614
729
328
87
288
115
77
95
94
525
96
2448
103
479
477
279
284
25
78
97
313
453
276
82
397
387
59
29
561
27
81
76
121
747
83
614
729
328
87
288
115
77
95
94
525
96
2448
103
479
477
279
284
25
78
97
313
453
276
82
397
387
59
29
561
27
81
76
121
747
83
614
729
328
87
288
115
77
95
94
525
96
2448
103
479
477
279
284
25
78
97
313
453
276
82
397
387
59
29
561
27
81
76
121
747
83
614
729
328
87
288
115
77
95
94
525
96
2448
103
479
477
279
284
25
78
97
313
453
276
82
397
387
59
29
561
27
81
76
121
747
83
614
729
328
87
288
115
77
95
94
525
96
2448
103
479
